[{"id": 0, "img_name": "frame000000", "width": 1200, "height": 680, "position": [-0.34103426370028056, -2.5602574462524967, 2.9860215034640976], "rotation": [[-0.5425367971142983, -0.39990452247607505, 0.7387355390666817], [0.32629985994639854, 0.7100323286101221, 0.6240052032855561], [-0.7740686178730662, 0.5795950873080877, -0.2547298757358678]], "fy": 600.2308706449177, "fx": 600.2308706449176}, {"id": 1, "img_name": "frame000010", "width": 1200, "height": 680, "position": [-0.748545998895928, -2.4476309172823583, 2.8828684497974213], "rotation": [[-0.5585929357235735, -0.39073816260892036, 0.731640362774447], [0.32182799520336286, 0.7108804511489532, 0.6253604765874198], [-0.76446103475789, 0.5847842956640213, -0.2713423186339176]], "fy": 600.3227895617625, "fx": 600.3227895617624}, {"id": 2, "img_name": "frame000020", "width": 1200, "height": 680, "position": [-1.0524424326170216, -2.2359845486161425, 2.92297441093661], "rotation": [[-0.5118433213512211, -0.333056424515151, 0.7918900381222975], [0.3336355474382693, 0.7723689996254427, 0.5404937094020239], [-0.7916462188842416, 0.5408507617696184, -0.28421245155606156]], "fy": 600.2761771534423, "fx": 600.2761771534424}, {"id": 3, "img_name": "frame000030", "width": 1200, "height": 680, "position": [-1.2849274041665726, -1.9557481818332763, 3.0449671528392095], "rotation": [[-0.45924656858770746, -0.24254973701306476, 0.8545538100759421], [0.3452258236208314, 0.8376477159257939, 0.4232793813896668], [-0.8184813497849139, 0.48940364636891864, -0.30095240649490035]], "fy": 601.0898681648425, "fx": 601.0898681648425}, {"id": 4, "img_name": "frame000040", "width": 1200, "height": 680, "position": [-1.476421857072856, -1.63833969716084, 3.164369911017798], "rotation": [[-0.45164967382006116, -0.16880336131640725, 0.8760810449647422], [0.3467486911376248, 0.8715346658229033, 0.34668814727836345], [-0.8220571253462717, 0.4603615443075612, -0.3350960029456943]], "fy": 601.1028591183908, "fx": 601.1028591183909}, {"id": 5, "img_name": "frame000050", "width": 1200, "height": 680, "position": [-1.6556615525489653, -1.3153520072838196, 3.2163311608434078], "rotation": [[-0.4990394220477609, -0.13471755323137694, 0.8560437115554251], [0.336536922352721, 0.8801797786469242, 0.33470353621437904], [-0.7985628060056362, 0.4551205753560286, -0.3939069772827108]], "fy": 601.0041104096446, "fx": 601.0041104096446}, {"id": 6, "img_name": "frame000060", "width": 1200, "height": 680, "position": [-1.8683678413900944, -1.0167872726389278, 3.119009540880471], "rotation": [[-0.5546025602827712, -0.10608845277840644, 0.8253249301425946], [0.32298503839483544, 0.8866307035737605, 0.33100855042337685], [-0.7668746084601326, 0.45014579379061453, -0.45746267523344]], "fy": 600.5143501896314, "fx": 600.5143501896314}, {"id": 7, "img_name": "frame000070", "width": 1200, "height": 680, "position": [-2.1274771857893375, -0.7848287194417212, 2.902377684959442], "rotation": [[-0.5890921863370004, -0.057577001783722846, 0.8060119632252919], [0.3136204808589482, 0.9029786837301925, 0.2937204295153662], [-0.7447231633180843, 0.42581026947983097, -0.5138803600284982]], "fy": 600.810585013519, "fx": 600.810585013519}, {"id": 8, "img_name": "frame000080", "width": 1200, "height": 680, "position": [-2.406539957366757, -0.6608799463785076, 2.6490388811546697], "rotation": [[-0.6088142212291441, -0.005211856510968629, 0.7932957081573425], [0.3079984113801281, 0.9199841357883282, 0.24241734361451994], [-0.7310829109044115, 0.39192094413224715, -0.5584941816474186]], "fy": 600.4711961084068, "fx": 600.4711961084067}, {"id": 9, "img_name": "frame000090", "width": 1200, "height": 680, "position": [-2.7067351754889053, -0.6949654443726349, 2.4734202020171643], "rotation": [[-0.6244372767358445, 0.02409528064213743, 0.7807032117735258], [0.30327202255826174, 0.928584295332657, 0.2139095294627478], [-0.7197945316242289, 0.37033852609785234, -0.5871500730916474]], "fy": 600.9676286174952, "fx": 600.9676286174952}, {"id": 10, "img_name": "frame000100", "width": 1200, "height": 680, "position": [-3.0027068706865, -0.8853466010464872, 2.407133083460408], "rotation": [[-0.6396106649300164, 0.007719795518141261, 0.7686602643983497], [0.2980057241679223, 0.9242396548416406, 0.23869153479199262], [-0.7085836476175095, 0.38173481001260934, -0.5934540834417626]], "fy": 600.7176606227597, "fx": 600.7176606227598}, {"id": 11, "img_name": "frame000110", "width": 1200, "height": 680, "position": [-3.370785793175216, -1.1387972380004499, 2.408592601763392], "rotation": [[-0.6470371702357122, -0.04293786239015255, 0.7612484747483749], [0.29587935199589177, 0.9060315954689904, 0.3025923942771979], [-0.7027078407103865, 0.421026231944377, -0.5735316927763159]], "fy": 601.4601461905983, "fx": 601.4601461905983}, {"id": 12, "img_name": "frame000120", "width": 1200, "height": 680, "position": [-3.7055290890499113, -1.3749355584575897, 2.3396398968610317], "rotation": [[-0.6476722553522132, -0.10390837294685062, 0.754800436988821], [0.2954800804410208, 0.8788729750329423, 0.374531461721593], [-0.7022906604174265, 0.4656021303519599, -0.538518787510864]], "fy": 600.9465142530247, "fx": 600.9465142530247}, {"id": 13, "img_name": "frame000130", "width": 1200, "height": 680, "position": [-3.763837428885302, -1.5661679801509207, 2.1176903271810774], "rotation": [[-0.6526033779881513, -0.16391928458650135, 0.7397562430822086], [0.2940013054497969, 0.8450440515732484, 0.4466136846251851], [-0.698335208501096, 0.5089509004229374, -0.5032861189486673]], "fy": 600.2169512510892, "fx": 600.2169512510892}, {"id": 14, "img_name": "frame000140", "width": 1200, "height": 680, "position": [-3.5773005861000735, -1.6740231446487774, 1.7729975953062038], "rotation": [[-0.6651000071837819, -0.21383359648520942, 0.7154838736535813], [0.28974114673503776, 0.8091690856046901, 0.511170674814523], [-0.688252895622531, 0.5472847375140935, -0.4762219731924717]], "fy": 600.4650576456581, "fx": 600.4650576456581}, {"id": 15, "img_name": "frame000150", "width": 1200, "height": 680, "position": [-3.496884301056794, -1.6015465684820516, 1.5069578890344977], "rotation": [[-0.6815459170602417, -0.2360402371824118, 0.6926616557666412], [0.2841522602163376, 0.7869101935124205, 0.5477497972251489], [-0.6743535096316033, 0.5701380129206574, -0.4692440625840924]], "fy": 601.4559304236698, "fx": 601.4559304236697}, {"id": 16, "img_name": "frame000160", "width": 1200, "height": 680, "position": [-3.6155699464139928, -1.320837319219374, 1.3721467230647801], "rotation": [[-0.6985824181405564, -0.231749764760242, 0.6769598596655972], [0.2773947259100461, 0.7843906213834931, 0.5547824070055827], [-0.6595716572914448, 0.5753463301518399, -0.4836753345774692]], "fy": 600.9178941824418, "fx": 600.9178941824418}, {"id": 17, "img_name": "frame000170", "width": 1200, "height": 680, "position": [-3.890973943336832, -0.9438329805004005, 1.340395391058017], "rotation": [[-0.7097460060904439, -0.22111396039112993, 0.668856653819646], [0.2729946508709214, 0.7889412420095879, 0.5504958103857219], [-0.6494109080039598, 0.5733064914829754, -0.49958496713667616]], "fy": 601.5939816990121, "fx": 601.5939816990123}, {"id": 18, "img_name": "frame000180", "width": 1200, "height": 680, "position": [-4.168306113740309, -0.5535887654577695, 1.3420097622282776], "rotation": [[-0.7080870344436329, -0.23088813960644355, 0.667310586340346], [0.27338322214864247, 0.7816921425992795, 0.5605524132908299], [-0.6510563458721887, 0.5793514142449493, -0.4903851275394981]], "fy": 600.2420555328097, "fx": 600.2420555328097}, {"id": 19, "img_name": "frame000190", "width": 1200, "height": 680, "position": [-2.185553353644081, 1.8989458088836682, 0.790906065304779], "rotation": [[-0.7089943663204371, -0.25158819790846365, 0.6588098110980541], [0.1369882431547986, 0.867270462923805, 0.47861901903005344], [-0.6917811863322417, 0.4295873867015891, -0.5804252470591331]], "fy": 343.7587379871254, "fx": 343.75873798712536}, {"id": 20, "img_name": "frame000200", "width": 1200, "height": 680, "position": [-2.803340669012988, 1.5818817433874834, -0.517807545944122], "rotation": [[-0.6713427128163146, -0.3324994655018141, 0.6623768318634338], [0.287789036518768, 0.7066401461073083, 0.6464032598688231], [-0.6829907996510869, 0.6245829083079766, -0.37870801185282493]], "fy": 352.69887389794906, "fx": 352.69887389794894}, {"id": 21, "img_name": "frame000210", "width": 1200, "height": 680, "position": [-4.989113232306649, 0.15085421694824078, 1.5838854262862525], "rotation": [[-0.7673614911177046, -0.22553589393119083, 0.6002415367985386], [0.2479960360204686, 0.7588651073610256, 0.602180799219033], [-0.5913157431252337, 0.6109478777920402, -0.5263918526664854]], "fy": 600.4455466747355, "fx": 600.4455466747353}, {"id": 22, "img_name": "frame000220", "width": 1200, "height": 680, "position": [-5.317771145688345, 0.2256230910346397, 1.835517140378861], "rotation": [[-0.8032449380003456, -0.17695815208133897, 0.5687559951233733], [0.23001524675223625, 0.7886355810192672, 0.5702165436147137], [-0.549445680516581, 0.5888461027826885, -0.5927644653648787]], "fy": 600.0627179189113, "fx": 600.0627179189113}, {"id": 23, "img_name": "frame000230", "width": 1200, "height": 680, "position": [-5.562109221351381, 0.2245426065831929, 2.1121787686901383], "rotation": [[-0.8197037088924778, -0.13070711768511442, 0.5576750657994005], [0.22138810202212356, 0.8256538321343116, 0.5189249057088777], [-0.5282737338832567, 0.5488272942086385, -0.6478545077566928]], "fy": 600.3053922866719, "fx": 600.305392286672}, {"id": 24, "img_name": "frame000240", "width": 1200, "height": 680, "position": [-5.581937541396023, 0.15957300799303156, 2.3295040052535407], "rotation": [[-0.8231911455717251, -0.09318471335001492, 0.5600651275076731], [0.2195125196360658, 0.8574946725663328, 0.4653140232610483], [-0.5236130170033365, 0.5059836911583545, -0.6854268106125045]], "fy": 600.4207753694999, "fx": 600.4207753694999}, {"id": 25, "img_name": "frame000250", "width": 1200, "height": 680, "position": [-5.377559134018219, 0.051344401766382226, 2.4845321552591924], "rotation": [[-0.8210402424812032, -0.06503621346231345, 0.5671536045595504], [0.2208723288993069, 0.8799264127817147, 0.4206482169410677], [-0.5264108039858253, 0.47063765151928466, -0.7080902953857008]], "fy": 600.6333047238923, "fx": 600.6333047238921}, {"id": 26, "img_name": "frame000260", "width": 1200, "height": 680, "position": [-5.01477280880473, -0.08334734110832111, 2.617934042106005], "rotation": [[-0.8173408721479313, -0.048916928994262567, 0.5740740655823333], [0.22279631029241187, 0.8920431690347798, 0.3932184999443375], [-0.5313338901637521, 0.4492951353355142, -0.7182048304817333]], "fy": 600.6593976503161, "fx": 600.6593976503159}, {"id": 27, "img_name": "frame000270", "width": 1200, "height": 680, "position": [-4.568393371210177, -0.227059987296999, 2.7707325850116247], "rotation": [[-0.8148431869351883, -0.047596331265688255, 0.5777241296287979], [0.22429362322799537, 0.8931101357842564, 0.38993160418038075], [-0.5345305896621476, 0.44731294929777515, -0.7170691557346212]], "fy": 600.5864370022495, "fx": 600.5864370022493}, {"id": 28, "img_name": "frame000280", "width": 1200, "height": 680, "position": [-4.105713934783733, -0.35906253909993346, 2.9853035797589205], "rotation": [[-0.8134993223582945, -0.058029668787457446, 0.5786634687476081], [0.2251042237134493, 0.8860314206099635, 0.4053102640672389], [-0.5362340356495113, 0.4599792160873223, -0.7077232367096132]], "fy": 600.4957968902139, "fx": 600.495796890214}, {"id": 29, "img_name": "frame000290", "width": 1200, "height": 680, "position": [-3.6838287509769074, -0.46347907303912844, 3.279364613242185], "rotation": [[-0.8107951592537553, -0.07369997647204911, 0.5806716139081504], [0.226560257926059, 0.8751996927183997, 0.42742946481740873], [-0.539705159563214, 0.47811485161375, -0.6929101885578008]], "fy": 600.8094287903376, "fx": 600.8094287903376}, {"id": 30, "img_name": "frame000300", "width": 1200, "height": 680, "position": [-3.3143789613379644, -0.5369327225043915, 3.6007960458955712], "rotation": [[-0.8047320302867823, -0.09012957707670578, 0.5867563538356331], [0.22999630245660396, 0.8638732173542719, 0.44813476231404886], [-0.5472732957917853, 0.49558018894418376, -0.6744569786422583]], "fy": 600.6065149553109, "fx": 600.6065149553109}, {"id": 31, "img_name": "frame000310", "width": 1200, "height": 680, "position": [-2.9926490513972013, -0.5775415692883623, 3.884191643710661], "rotation": [[-0.7934095962806537, -0.10447651948527766, 0.5996547918644634], [0.23571995637950766, 0.8555504276710809, 0.46094421341011915], [-0.5611927607286228, 0.5070681636506801, -0.6541747188005007]], "fy": 600.6282291839549, "fx": 600.6282291839549}, {"id": 32, "img_name": "frame000320", "width": 1200, "height": 680, "position": [-2.7296545688826535, -0.5802488485413464, 4.059991837404354], "rotation": [[-0.7746233183426147, -0.1144446746636451, 0.621981616385089], [0.24524419533462355, 0.8521729637464578, 0.4622299476605244], [-0.5829356734104961, 0.5105914769174185, -0.6320461568309235]], "fy": 600.379296643907, "fx": 600.379296643907}, {"id": 33, "img_name": "frame000330", "width": 1200, "height": 680, "position": [-2.5162750447069286, -0.5401437693532052, 4.063825673910988], "rotation": [[-0.7474426286569056, -0.12236703942475724, 0.6529592824433048], [0.2575674992796937, 0.8526291448082317, 0.4546234977851329], [-0.612363046061126, 0.5079860717441018, -0.6057735969260595]], "fy": 600.3620580134191, "fx": 600.3620580134192}, {"id": 34, "img_name": "frame000340", "width": 1200, "height": 680, "position": [-2.363939805822999, -0.46175392712032143, 3.851214550520728], "rotation": [[-0.7102367426127972, -0.12924632762706517, 0.6919965001628844], [0.2731181213372244, 0.8554129927817884, 0.4400853366988379], [-0.6488222108097014, 0.5015615601050598, -0.5722462233907623]], "fy": 600.7669822800067, "fx": 600.7669822800067}, {"id": 35, "img_name": "frame000350", "width": 1200, "height": 680, "position": [-2.2335937509156225, -0.35138720665270057, 3.4640448128706782], "rotation": [[-0.6647365751254581, -0.13453677627404748, 0.734864029273622], [0.2899023098417221, 0.8601187025867948, 0.4197052158466024], [-0.6885360821619372, 0.4920321872501797, -0.5327498383583932]], "fy": 600.3999015739425, "fx": 600.3999015739425}, {"id": 36, "img_name": "frame000360", "width": 1200, "height": 680, "position": [-2.0961985145928224, -0.23854821045397095, 3.038629458293086], "rotation": [[-0.6171873821510744, -0.1355944394693235, 0.7750444395636317], [0.3050599607929653, 0.8667505795736766, 0.39456539778557653], [-0.7252710911338589, 0.4799558112927645, -0.49358308679674784]], "fy": 600.3315835046118, "fx": 600.3315835046117}, {"id": 37, "img_name": "frame000370", "width": 1200, "height": 680, "position": [-1.9111629601708144, -0.13381661678396212, 2.6837791189656452], "rotation": [[-0.5735539212348115, -0.12979263969119498, 0.8088199862257133], [0.3177669659309254, 0.8748001646223261, 0.365716867726668], [-0.7550232147419212, 0.4667746165535812, -0.46050125140115683]], "fy": 600.3715128609106, "fx": 600.3715128609106}, {"id": 38, "img_name": "frame000380", "width": 1200, "height": 680, "position": [-1.6306079710977326, -0.06025133264507571, 2.5208319722123678], "rotation": [[-0.5420840605073577, -0.11615126438158449, 0.8322582262293446], [0.3261206756940889, 0.8836967646019147, 0.33574593536920017], [-0.7744612167363104, 0.45341913503365466, -0.4411586015897754]], "fy": 600.2554722771423, "fx": 600.2554722771423}, {"id": 39, "img_name": "frame000390", "width": 1200, "height": 680, "position": [-1.2573358076079635, -0.03931692385573265, 2.6083628198547766], "rotation": [[-0.5263974169768856, -0.09517925202877288, 0.8448944723356324], [0.33013274168664314, 0.8928677096097386, 0.3062672460494589], [-0.7835292797761441, 0.44014561581311135, -0.4385814686166915]], "fy": 600.5112141727627, "fx": 600.5112141727627}, {"id": 40, "img_name": "frame000400", "width": 1200, "height": 680, "position": [-0.8714358013589223, -0.06163890963683192, 2.713313212503046], "rotation": [[-0.5142527343333329, -0.07412541453387601, 0.8544293699018495], [0.33299050699935806, 0.9008425177488258, 0.2785679099685871], [-0.7903552666231821, 0.4277711784776265, -0.4385776685888847]], "fy": 600.5102727375222, "fx": 600.5102727375222}, {"id": 41, "img_name": "frame000410", "width": 1200, "height": 680, "position": [-0.5685252849433433, -0.10399316535712681, 2.553455825604936], "rotation": [[-0.48845077257790187, -0.059483526073694996, 0.8705616307269066], [0.33874603409040555, 0.9065023101969156, 0.2520013610988579], [-0.8041560589562654, 0.4179895593594356, -0.4226319452081588]], "fy": 600.2481086910472, "fx": 600.248108691047}, {"id": 42, "img_name": "frame000420", "width": 1200, "height": 680, "position": [-0.4266726537954555, -0.11287993334104662, 2.1091566492584253], "rotation": [[-0.44132778036641823, -0.05203190246507615, 0.8958361855845719], [0.3486590533383399, 0.9099366773685035, 0.2246154663080456], [-0.8268413722123874, 0.4114704415938439, -0.383438940240169]], "fy": 600.5052548486035, "fx": 600.5052548486036}, {"id": 43, "img_name": "frame000430", "width": 1200, "height": 680, "position": [-0.3915293336308321, 0.05687317365819259, 1.809515473116282], "rotation": [[-0.3945884698004829, -0.03803666196288128, 0.9180703414484289], [0.35719342615243443, 0.9142096143524888, 0.19139915710096295], [-0.8465889178426556, 0.4034525912324709, -0.34715012719831445]], "fy": 600.537950012343, "fx": 600.5379500123429}, {"id": 44, "img_name": "frame000440", "width": 1200, "height": 680, "position": [-0.43163906728230533, 0.42471792072597875, 1.9031729070011782], "rotation": [[-0.36736238568285867, -0.009080871115613754, 0.9300335560425655], [0.36176887906659516, 0.919812976597921, 0.15187944634140482], [-0.8568361311967988, 0.39225199280800854, -0.3346195129006199]], "fy": 601.4850108594438, "fx": 601.4850108594438}, {"id": 45, "img_name": "frame000450", "width": 1200, "height": 680, "position": [-0.3893479737686636, 0.5998022850722102, 1.8225005784312813], "rotation": [[-0.33800546493769895, -0.009308370501037775, 0.9410981138600081], [0.3659442574244456, 0.9199649545495775, 0.14053214172802173], [-0.8670854087864241, 0.3918900823435177, -0.3075468374580852]], "fy": 600.2103636668942, "fx": 600.2103636668943}, {"id": 46, "img_name": "frame000460", "width": 1200, "height": 680, "position": [-0.31090091499700195, 0.5178496289137144, 1.466074353390199], "rotation": [[-0.2969870883353466, -0.0507555090012068, 0.9535316185990484], [0.3712952908656055, 0.9138650514066314, 0.16428778042989134], [-0.8797377315672656, 0.4028331492362355, -0.25256083927105233]], "fy": 600.3953060426787, "fx": 600.3953060426787}, {"id": 47, "img_name": "frame000470", "width": 1200, "height": 680, "position": [-0.29494854675633964, 0.30798066358199744, 0.9632426105938133], "rotation": [[-0.24148151255075523, -0.12324319614519909, 0.9625475539941466], [0.37769267992329325, 0.9017529730469359, 0.2102137367856172], [-0.8938875313083628, 0.4143098963395975, -0.17120861884412208]], "fy": 600.878573263758, "fx": 600.8785732637579}, {"id": 48, "img_name": "frame000480", "width": 1200, "height": 680, "position": [-0.42493185897123253, 0.11366155176598004, 0.48628612837815727], "rotation": [[-0.17571554659118482, -0.20392794336160844, 0.9630874522090219], [0.38288960613002315, 0.8871221537272389, 0.25770105526353787], [-0.906928661033356, 0.41403825702783786, -0.07779926422269884]], "fy": 600.7605127995283, "fx": 600.7605127995283}, {"id": 49, "img_name": "frame000490", "width": 1200, "height": 680, "position": [-0.712368330279452, 0.01299604967193847, 0.09875862900845297], "rotation": [[-0.10316998064239148, -0.27031558802627315, 0.9572279968556384], [0.38742862545062184, 0.8754382438918779, 0.2889756759883894], [-0.9161086263515313, 0.4006711419624765, 0.014409050030961443]], "fy": 600.9347968572791, "fx": 600.9347968572789}, {"id": 50, "img_name": "frame000500", "width": 1200, "height": 680, "position": [-1.0315425273325585, 0.03163849662435719, -0.17614131846578232], "rotation": [[-0.02720824165561354, -0.311653967769465, 0.9498060412313447], [0.38947912898741643, 0.8717658420224431, 0.2972041802635091], [-0.9206333253088402, 0.37801603280343843, 0.09766350021546762]], "fy": 600.6887940916565, "fx": 600.6887940916566}, {"id": 51, "img_name": "frame000510", "width": 1200, "height": 680, "position": [-1.2800144555004762, 0.16384181067296932, -0.39450316872049085], "rotation": [[0.0577936902932384, -0.3261157607820162, 0.9435615506854099], [0.3891339368183171, 0.8777447733612389, 0.2795333469432677], [-0.9193664495610913, 0.3510165571687382, 0.17763081943975476]], "fy": 601.5791215271382, "fx": 601.5791215271383}, {"id": 52, "img_name": "frame000520", "width": 1200, "height": 680, "position": [-1.3065579417906852, 0.4350636862881523, -0.5560078414791336], "rotation": [[0.1593815613658326, -0.30646602489384317, 0.9384434418132803], [0.3850137154018881, 0.8946184132254635, 0.22676493042440976], [-0.9090445296293374, 0.32517144755300986, 0.26057930241532407]], "fy": 600.6374080046772, "fx": 600.6374080046772}, {"id": 53, "img_name": "frame000530", "width": 1200, "height": 680, "position": [-1.119102139871622, 0.7767432998430558, -0.6966276212289978], "rotation": [[0.2859797873549142, -0.24511277600754627, 0.9263559187819294], [0.3737889875621566, 0.9186824893800091, 0.12768820025283187], [-0.8823249707458676, 0.3097453966476722, 0.35434507934198856]], "fy": 600.7354886029054, "fx": 600.7354886029054}, {"id": 54, "img_name": "frame000540", "width": 1200, "height": 680, "position": [-0.8219744708576813, 1.0384476684535506, -0.8564000067762231], "rotation": [[0.43322052464021504, -0.14638536887675926, 0.889320696267253], [0.3521372592464594, 0.9357846503970727, -0.01750539150148758], [-0.8296501236550551, 0.32074664746501025, 0.456948859785324]], "fy": 600.5184969735257, "fx": 600.5184969735258}, {"id": 55, "img_name": "frame000550", "width": 1200, "height": 680, "position": [-0.549613495096782, 1.0395945242544191, -1.0779272182291488], "rotation": [[0.5700751312788667, -0.06366034780798605, 0.8191225212471875], [0.3215045280296923, 0.9347737922304681, -0.15110524747828766], [-0.7560748528775362, 0.3494929433851791, 0.5533583823980406]], "fy": 599.8637542800997, "fx": 599.8637542800997}, {"id": 56, "img_name": "frame000560", "width": 1200, "height": 680, "position": [-0.4108755613285737, 0.7612412417110462, -1.3739963694665058], "rotation": [[0.6636921980998695, -0.04259747623917461, 0.7467918861365707], [0.2929401264968548, 0.9334323142346916, -0.20709948582860951], [-0.6882577631014202, 0.3562156225666144, 0.631990254489821]], "fy": 600.2064976501752, "fx": 600.206497650175}, {"id": 57, "img_name": "frame000570", "width": 1200, "height": 680, "position": [-0.41776350158811926, 0.42787724544844347, -1.6918027692759143], "rotation": [[0.7076353516122048, -0.07211316372752737, 0.7028882562441044], [0.27688611207723846, 0.9435180470128197, -0.18195542283720348], [-0.6500663736015131, 0.3233780861133317, 0.687633858484482]], "fy": 601.1194222602973, "fx": 601.1194222602975}, {"id": 58, "img_name": "frame000580", "width": 1200, "height": 680, "position": [-0.5907102792654952, 0.25494649481690107, -1.978943089475433], "rotation": [[0.7123073909754656, -0.12898155013354784, 0.6899144443239845], [0.2751527638456108, 0.9556020499940321, -0.1054309185928148], [-0.6456850140043882, 0.26493108872374777, 0.7161720330463923]], "fy": 601.7841512698676, "fx": 601.7841512698677}, {"id": 59, "img_name": "frame000590", "width": 1200, "height": 680, "position": [-0.8995756887073546, 0.4244198941241623, -2.1744709433395983], "rotation": [[0.7172497400582152, -0.15817925165469318, 0.6786251798543758], [0.2731530388754615, 0.9597728477844731, -0.06498844519438335], [-0.6410461978200348, 0.23198147555708837, 0.7316039688648723]], "fy": 601.1858597259038, "fx": 601.1858597259038}, {"id": 60, "img_name": "frame000600", "width": 1200, "height": 680, "position": [-1.1166333081837472, 0.7722377154791786, -2.316034850777903], "rotation": [[0.7533781698994717, -0.14978838463657168, 0.6403005333020496], [0.2579536884262823, 0.9629846628127859, -0.07823320148518442], [-0.604881168285308, 0.2241070704268642, 0.7641300892115747]], "fy": 599.5940877877791, "fx": 599.5940877877791}, {"id": 61, "img_name": "frame000610", "width": 1200, "height": 680, "position": [-0.9841173593774468, 0.9661799505137805, -2.549331152535496], "rotation": [[0.8169651561915989, -0.1310822830141107, 0.5615918167571932], [0.22673813277069446, 0.968408154938213, -0.10380493532017193], [-0.5302431071843323, 0.21213929510813112, 0.8208770716462543]], "fy": 601.1430703637441, "fx": 601.143070363744}, {"id": 62, "img_name": "frame000620", "width": 1200, "height": 680, "position": [-0.8084292202170895, 0.8257398939287969, -2.7580900633331296], "rotation": [[0.8697050955973259, -0.11533498465753984, 0.4799071660291094], [0.19438103182067873, 0.9737738102932227, -0.1182395063223237], [-0.45368387800358784, 0.19611835126031318, 0.8693149780939946]], "fy": 600.1893941356137, "fx": 600.1893941356138}, {"id": 63, "img_name": "frame000630", "width": 1200, "height": 680, "position": [-1.107856046340936, 0.5562138966875302, -2.8827337850823564], "rotation": [[0.8879424203540095, -0.10189045143595506, 0.4485271385791956], [0.1812247613759224, 0.9737736517242341, -0.13755893672128292], [-0.4227479674701033, 0.20342863887325996, 0.8831200059369445]], "fy": 599.3464185040401, "fx": 599.3464185040401}, {"id": 64, "img_name": "frame000650", "width": 1200, "height": 680, "position": [-1.659977086359137, 1.0593912102431151, -2.964617610057542], "rotation": [[0.9010233234957177, -0.028632437516234326, 0.43282462272681577], [0.1712606738981858, 0.9402372121118928, -0.2943191576095495], [-0.39853074171595687, 0.33931426212573884, 0.8520792682757835]], "fy": 600.2592143884956, "fx": 600.2592143884957}, {"id": 65, "img_name": "frame000660", "width": 1200, "height": 680, "position": [-1.6808358227568025, 1.4638924009428527, -2.8679734458598642], "rotation": [[0.9090709842630458, 0.008799656962982265, 0.41654833045920464], [0.1642086312914395, 0.9112847542962363, -0.377618354951981], [-0.38291705496152684, 0.4116827208234297, 0.8269775489062621]], "fy": 599.9413725978984, "fx": 599.9413725978984}, {"id": 66, "img_name": "frame000670", "width": 1200, "height": 680, "position": [-1.5134748579151815, 1.741047945336146, -2.7088082234124484], "rotation": [[0.9234296854206882, 0.03161078032538464, 0.38246355989959224], [0.1513989752365056, 0.885763276719285, -0.438750234088657], [-0.35264141330987303, 0.46305958167684586, 0.8131542642303977]], "fy": 600.3615926166557, "fx": 600.3615926166558}, {"id": 67, "img_name": "frame000680", "width": 1200, "height": 680, "position": [-1.192834140533253, 1.8954162109787676, -2.5189450269461653], "rotation": [[0.94454351026378, 0.03902487280230033, 0.3260592224141818], [0.12978205066364729, 0.8677189721448051, -0.4798128850974111], [-0.30165241014139943, 0.4955207812824072, 0.8145335958529629]], "fy": 599.7543851079909, "fx": 599.7543851079909}, {"id": 68, "img_name": "frame000690", "width": 1200, "height": 680, "position": [-0.7700291925780838, 1.9389118440502664, -2.3534254699429713], "rotation": [[0.9686387974388931, 0.0325324872623546, 0.24633415794132152], [0.09891613582190226, 0.8589590517650528, -0.5023991893553812], [-0.22793524995094155, 0.5110097696359689, 0.8288030750222853]], "fy": 599.6223701133188, "fx": 599.6223701133188}, {"id": 69, "img_name": "frame000700", "width": 1200, "height": 680, "position": [-0.2910475235415644, 1.8851119108949537, -2.2650250957735873], "rotation": [[0.9897593558234286, 0.016802465055305214, 0.14175364096931273], [0.057591531307668156, 0.8616348605560279, -0.5042505157124109], [-0.13061253033928044, 0.5072504748570077, 0.8518434848466653]], "fy": 599.3483923392026, "fx": 599.3483923392026}, {"id": 70, "img_name": "frame000710", "width": 1200, "height": 680, "position": [0.1957500046230316, 1.7505885748674137, -2.3014279590415225], "rotation": [[0.999846743132381, -0.00047977044311915554, 0.01750028765170518], [0.00884830403345425, 0.8763986210116758, -0.48150510340448616], [-0.015106216048437565, 0.48158615730641097, 0.8762685520589809]], "fy": 599.4777371530797, "fx": 599.4777371530796}, {"id": 71, "img_name": "frame000720", "width": 1200, "height": 680, "position": [0.6179612473085977, 1.5770615712653009, -2.461723657804574], "rotation": [[0.9940301841560741, -0.00821787026774743, -0.10879549436858033], [-0.04050415439249408, 0.8981049049796259, -0.4379120837890708], [0.10130847182536278, 0.439704498794133, 0.8924105262022685]], "fy": 599.5878801922422, "fx": 599.5878801922423}, {"id": 72, "img_name": "frame000730", "width": 1200, "height": 680, "position": [0.8933060901955684, 1.4368326089617605, -2.6838157592742076], "rotation": [[0.9771179684389816, -0.004253907193205652, -0.2126555431378852], [-0.0810552888163589, 0.9169094246059272, -0.3907776186320348], [0.1966482034206618, 0.39907268929659795, 0.8955838725373559]], "fy": 599.166963867494, "fx": 599.1669638674941}, {"id": 73, "img_name": "frame000740", "width": 1200, "height": 680, "position": [0.9370133765753131, 1.406521228367528, -2.9367806825756313], "rotation": [[0.9600344383354563, 0.0036315966404266513, -0.2798583368702208], [-0.10709349574296989, 0.9285869851756504, -0.35532688349173214], [0.25858240539424804, 0.3710970526267189, 0.891864405138072]], "fy": 599.1635635651955, "fx": 599.1635635651955}, {"id": 74, "img_name": "frame000750", "width": 1200, "height": 680, "position": [0.7252659281152111, 1.532898707917084, -3.176113171734904], "rotation": [[0.9495952906116669, 0.009327906956644426, -0.31333971053786364], [-0.12028729691275897, 0.9338839174900693, -0.33673698171543803], [0.2894818651480016, 0.3574546388077929, 0.8879337987402126]], "fy": 599.3835194877194, "fx": 599.3835194877194}, {"id": 75, "img_name": "frame000760", "width": 1200, "height": 680, "position": [0.4498805349643663, 1.7570674865378888, -3.411272839817523], "rotation": [[0.9416220050962826, 0.012899837999656551, -0.33642472218616604], [-0.1292305262190118, 0.9365674284115666, -0.32579276101795474], [0.31088176307338083, 0.3502499767567837, 0.8835595527016041]], "fy": 599.3626599734002, "fx": 599.3626599734002}, {"id": 76, "img_name": "frame000770", "width": 1200, "height": 680, "position": [0.32343422379334763, 2.013425248958351, -3.675640444595911], "rotation": [[0.928301857283384, 0.01743294791200012, -0.3714185699333265], [-0.14309769366248118, 0.9387140700748425, -0.31359040915181435], [0.34318903221504393, 0.34425569998276156, 0.8739046293484665]], "fy": 599.5489759578771, "fx": 599.5489759578771}, {"id": 77, "img_name": "frame000780", "width": 1200, "height": 680, "position": [0.48574234558475515, 2.247527265050555, -3.949647756868645], "rotation": [[0.9008712082411673, 0.02452490513110056, -0.4333931185314436], [-0.16722216962224482, 0.9409545317200556, -0.294348968441067], [0.40058433837199453, 0.337643448424224, 0.8517799537364505]], "fy": 599.5826370282132, "fx": 599.5826370282133}, {"id": 78, "img_name": "frame000790", "width": 1200, "height": 680, "position": [0.8351320647353173, 2.438347673482872, -4.167077849043546], "rotation": [[0.8552199262222798, 0.0342870982285992, -0.5171298412269598], [-0.19993496185042325, 0.9423976762456012, -0.26816530505783365], [0.4781473505335233, 0.33273264748436326, 0.8128124608271076]], "fy": 599.8739625312515, "fx": 599.8739625312515}, {"id": 79, "img_name": "frame000800", "width": 1200, "height": 680, "position": [1.2355789908538184, 2.572068275219664, -4.231826205160218], "rotation": [[0.7896778824858858, 0.043581653227460604, -0.6119717978915115], [-0.23743068486251126, 0.9414604104772627, -0.23933024336615483], [0.5657168123702233, 0.3342946828861407, 0.7537980851632141]], "fy": 600.248855029636, "fx": 600.2488550296359}, {"id": 80, "img_name": "frame000810", "width": 1200, "height": 680, "position": [1.5560148062584516, 2.64036814917606, -4.052699565256935], "rotation": [[0.709111976620932, 0.044014277857822776, -0.7037207883510398], [-0.27317418705093677, 0.9372513846996655, -0.2166464987199642], [0.6500277441323675, 0.3458649812039576, 0.67663974656753]], "fy": 600.0085445323564, "fx": 600.0085445323564}, {"id": 81, "img_name": "frame000820", "width": 1200, "height": 680, "position": [1.7696991096342365, 2.6169790755270625, -3.6821020297969675], "rotation": [[0.6292007569135628, 0.031816262263370254, -0.7765913551894509], [-0.3017127613841556, 0.9308078198090791, -0.2063158069567534], [0.7162931083832561, 0.36412158414169465, 0.5952643571093397]], "fy": 600.2787927278689, "fx": 600.2787927278689}, {"id": 82, "img_name": "frame000830", "width": 1200, "height": 680, "position": [1.8927639619928145, 2.5022523275253388, -3.264197334813149], "rotation": [[0.5814698316212558, 0.008033879787309364, -0.8135282980265105], [-0.3159604228196374, 0.9236911284332694, -0.21671112215414676], [0.7497078405125452, 0.3830537247296214, 0.5396369129746215]], "fy": 600.2539452021083, "fx": 600.2539452021084}, {"id": 83, "img_name": "frame000840", "width": 1200, "height": 680, "position": [1.9563071175063513, 2.2840357523531765, -2.958098042711191], "rotation": [[0.5761760420940641, -0.01323759701776149, -0.8172184129974155], [-0.3174378881443503, 0.9177515052103101, -0.23867417508952418], [0.7531629011623406, 0.39693442872772494, 0.5245843150565224]], "fy": 599.9607465438268, "fx": 599.9607465438265}, {"id": 84, "img_name": "frame000850", "width": 1200, "height": 680, "position": [2.006601791616336, 1.9558725632774916, -2.915133520869149], "rotation": [[0.5902097564925048, -0.01759922795045378, -0.8070580589502878], [-0.3134632044665129, 0.9163132329022544, -0.2492205421986799], [0.7439040682686466, 0.40007540087309396, 0.5353002996726136]], "fy": 600.2097834232437, "fx": 600.2097834232437}, {"id": 85, "img_name": "frame000860", "width": 1200, "height": 680, "position": [2.0667812097796423, 1.5704700039549728, -3.08790844280271], "rotation": [[0.5923293437146303, -0.007457674455616198, -0.8056614249585922], [-0.3128883747629675, 0.9193451939376379, -0.23854827461533967], [0.7424599743506607, 0.39338123681167203, 0.5422217157323516]], "fy": 600.1046585860457, "fx": 600.1046585860456}, {"id": 86, "img_name": "frame000870", "width": 1200, "height": 680, "position": [2.196713023968198, 1.2390767860855938, -3.288966179620665], "rotation": [[0.5527190539311674, 0.007774585746580555, -0.8333313886071401], [-0.3237961297068236, 0.9233954893697627, -0.20614760876240704], [0.767891733129298, 0.38377118967953505, 0.5128956620635792]], "fy": 600.0073283334484, "fx": 600.0073283334484}, {"id": 87, "img_name": "frame000880", "width": 1200, "height": 680, "position": [2.426411838592947, 1.0666411124469437, -3.3260372797542908], "rotation": [[0.47346572076765425, 0.019416868963015317, -0.8805982037556281], [-0.3424144439056458, 0.9251774682182983, -0.16370400393993728], [0.8115309974749906, 0.3790377784612673, 0.4446884332163297]], "fy": 599.3982321673586, "fx": 599.3982321673586}, {"id": 88, "img_name": "frame000890", "width": 1200, "height": 680, "position": [2.7616549290864763, 1.0922427837420994, -3.1618915022809966], "rotation": [[0.39160743289721833, 0.023204570322403584, -0.9198397503999286], [-0.3577346556148348, 0.9248746272438048, -0.12896836841942527], [0.8477437907008144, 0.37956352801182797, 0.37048885749969335]], "fy": 600.035703462316, "fx": 600.035703462316}, {"id": 89, "img_name": "frame000900", "width": 1200, "height": 680, "position": [3.090488598710677, 1.293573800212879, -2.918220176810421], "rotation": [[0.3605843839664049, 0.023708111418459688, -0.9324252396265011], [-0.36274313113586154, 0.9245441759111085, -0.11677109061150548], [0.8592999027425287, 0.38033668274545795, 0.3419761466898845]], "fy": 600.3883777279547, "fx": 600.3883777279547}, {"id": 90, "img_name": "frame000910", "width": 1200, "height": 680, "position": [3.322678693726798, 1.6199741623645254, -2.7189255382748585], "rotation": [[0.3892482380125222, 0.027542686945117568, -0.9207210270217522], [-0.3581805724721243, 0.9254157791137655, -0.12374293220545361], [0.8486415537243552, 0.37795110287324923, 0.37008171682644136]], "fy": 600.3623309803512, "fx": 600.3623309803512}, {"id": 91, "img_name": "frame000920", "width": 1200, "height": 680, "position": [3.4433020458547783, 1.9670873102119972, -2.558841850284574], "rotation": [[0.44031644435941625, 0.03977311194416561, -0.8969612747454362], [-0.3491572186246449, 0.9279674046063788, -0.13025257260569958], [0.8271702760066894, 0.3705328535425409, 0.42248637722018817]], "fy": 600.328188100174, "fx": 600.3281881001739}, {"id": 92, "img_name": "frame000930", "width": 1200, "height": 680, "position": [3.4624230354962724, 2.1970540120367064, -2.355250438759693], "rotation": [[0.47345436622181597, 0.06540926089886627, -0.8783863567327094], [-0.3423779961520466, 0.9324848537366529, -0.11510562672016474], [0.8115529994131052, 0.3552374222128023, 0.46388371711367016]], "fy": 600.3328199308622, "fx": 600.3328199308623}, {"id": 93, "img_name": "frame000940", "width": 1200, "height": 680, "position": [3.392852452939113, 2.1965310898441754, -2.0741073438608013], "rotation": [[0.4656825004831352, 0.1096056446276477, -0.87813803664887], [-0.34401637353137177, 0.9366747416026509, -0.06552223428677462], [0.815348111843094, 0.3326064207278103, 0.4738991721922886]], "fy": 600.5663440384047, "fx": 600.5663440384046}, {"id": 94, "img_name": "frame000950", "width": 1200, "height": 680, "position": [3.2466382707364327, 2.001921730026239, -1.7468495655561602], "rotation": [[0.47387068272626953, 0.1453695743376526, -0.8685126728548229], [-0.3422429983544384, 0.9391470289251846, -0.029539602880920154], [0.8113669367985751, 0.31124033305130655, 0.49478596276795145]], "fy": 600.1487483816056, "fx": 600.1487483816059}, {"id": 95, "img_name": "frame000960", "width": 1200, "height": 680, "position": [3.0494336357578824, 1.6830719339694225, -1.4395673829315034], "rotation": [[0.4919088233235439, 0.17124805800801524, -0.8536391580550473], [-0.338271220717908, 0.9410285688248319, -0.006149299919899041], [0.8022457795279841, 0.2917864549357492, 0.520828545632404]], "fy": 599.7087862558484, "fx": 599.7087862558484}, {"id": 96, "img_name": "frame000970", "width": 1200, "height": 680, "position": [2.825749339496946, 1.3067432167172675, -1.2232522133949488], "rotation": [[0.497344245640242, 0.19664083715560857, -0.8449740129088468], [-0.3372845997127878, 0.9411793498699719, 0.02050683239609232], [0.7993045728163469, 0.274797766623163, 0.5344140598204715]], "fy": 599.8853193893898, "fx": 599.8853193893898}, {"id": 97, "img_name": "frame000980", "width": 1200, "height": 680, "position": [2.593430309462685, 0.9351402246745186, -1.1445544153955813], "rotation": [[0.49255986526790047, 0.22156299291152015, -0.8416024116525319], [-0.3381504443771653, 0.939789112621454, 0.04950455297955483], [0.8018971605479055, 0.2602042735434405, 0.5378240232036283]], "fy": 599.7284442276649, "fx": 599.7284442276649}, {"id": 98, "img_name": "frame000990", "width": 1200, "height": 680, "position": [2.3736179860753244, 0.6346362487792101, -1.2739851224218626], "rotation": [[0.49600471418051134, 0.2408579142806397, -0.8342462398111776], [-0.3374848680227987, 0.9386976340355155, 0.07036132255550288], [0.8000520529105236, 0.24664593445768637, 0.5468843530849564]], "fy": 599.8021982970603, "fx": 599.8021982970603}, {"id": 99, "img_name": "frame001000", "width": 1200, "height": 680, "position": [2.200158498355489, 0.40675258349570426, -1.556228319090273], "rotation": [[0.5152542770527718, 0.25152676328121526, -0.8192968432333307], [-0.3330857217541155, 0.9395830846668258, 0.07897802840988273], [0.7896625430792354, 0.232202313427855, 0.5679041765090188]], "fy": 600.059278866897, "fx": 600.059278866897}, {"id": 100, "img_name": "frame001010", "wi