[{"id": 0, "img_name": "frame000000", "width": 1200, "height": 680, "position": [1.2223753004428173, -1.7183872087669927, 2.964686841191399], "rotation": [[-0.9348093174341384, 0.08400977686417604, -0.34507085856320996], [-0.2417485544412649, 0.5612578126548964, 0.7915474111886162], [0.2601714366795061, 0.8233662764074519, -0.5043597906366531]], "fy": 599.179152127762, "fx": 599.179152127762}, {"id": 1, "img_name": "frame000010", "width": 1200, "height": 680, "position": [1.114093297120852, -1.5438794170051677, 2.7702652124493694], "rotation": [[-0.9037432551056451, 0.07695186397342045, -0.42110157857940705], [-0.29011371725248297, 0.6132428610336749, 0.7346885220644045], [0.3147731880465658, 0.7861371407218013, -0.5318893080940357]], "fy": 600.1139364087642, "fx": 600.1139364087641}, {"id": 2, "img_name": "frame000020", "width": 1200, "height": 680, "position": [0.8553208630140616, -1.5625009802955374, 2.818610278331324], "rotation": [[-0.8919680519132296, 0.09010325725336386, -0.44302866430791166], [-0.30591307790744376, 0.6012442309755044, 0.738188704522], [0.3328816353169884, 0.7939690030164959, -0.5087268806714256]], "fy": 599.4375765925713, "fx": 599.4375765925713}, {"id": 3, "img_name": "frame000030", "width": 1200, "height": 680, "position": [0.5791269423968249, -1.728440796357164, 3.0031452703619355], "rotation": [[-0.8932677053096465, 0.11510223299734716, -0.4345391611924774], [-0.3042313127989279, 0.5568429265502561, 0.7728966706252438], [0.3309321908842933, 0.8226040548830101, -0.4623920997665842]], "fy": 599.1762868154962, "fx": 599.1762868154963}, {"id": 4, "img_name": "frame000040", "width": 1200, "height": 680, "position": [0.39734315263962683, -1.9755946943612988, 3.1922506353559057], "rotation": [[-0.8975387197448012, 0.13659031652377404, -0.41924614725814485], [-0.2984861142848872, 0.5116226178819729, 0.8056974223929886], [0.32454627734419034, 0.8482837864202828, -0.4184307966181453]], "fy": 599.4682772833493, "fx": 599.4682772833493}, {"id": 5, "img_name": "frame000050", "width": 1200, "height": 680, "position": [0.34037809478832004, -2.2570501309864834, 3.3191018321633923], "rotation": [[-0.898687888570684, 0.14138294637789428, -0.41517579579001385], [-0.2970605376929243, 0.5002077073236055, 0.8133555719853726], [0.3226687401685458, 0.854285146779205, -0.4075313142698065]], "fy": 599.3425060579544, "fx": 599.3425060579546}, {"id": 6, "img_name": "frame000060", "width": 1200, "height": 680, "position": [0.3464935934680804, -2.563355072723305, 3.3796953792853017], "rotation": [[-0.8977431740191436, 0.12922328044781817, -0.4211395698486878], [-0.2982489840067288, 0.5252740133679397, 0.7969534204828357], [0.3241986074013694, 0.8410639420820761, -0.43302044788713]], "fy": 599.242150993009, "fx": 599.242150993009}, {"id": 7, "img_name": "frame000070", "width": 1200, "height": 680, "position": [0.3643691490614853, -2.882471941437028, 3.374120395358194], "rotation": [[-0.8967812212934904, 0.10821183338941598, -0.42903804056267203], [-0.2996446652554057, 0.5649310783907111, 0.7688081368275731], [0.3255710609365206, 0.8180116599308408, -0.47419448383322527]], "fy": 599.2648244540524, "fx": 599.2648244540525}, {"id": 8, "img_name": "frame000080", "width": 1200, "height": 680, "position": [0.3384671297112632, -3.2059842226117365, 3.3087608962987543], "rotation": [[-0.8979893234556269, 0.08819484283874596, -0.431087977861079], [-0.2977662208242575, 0.5995036854176792, 0.7429203247365492], [0.32396057274882184, 0.795497957802073, -0.512086463829094]], "fy": 599.8284354011955, "fx": 599.8284354011955}, {"id": 9, "img_name": "frame000090", "width": 1200, "height": 680, "position": [0.25281203425072385, -3.510863680127064, 3.204383694937381], "rotation": [[-0.9018147275489488, 0.07723103019202722, -0.4251653386052216], [-0.2924937202333911, 0.6151484545830895, 0.7321473912048496], [0.31808429826045376, 0.7846194917280062, -0.5321603446336821]], "fy": 600.1027061572873, "fx": 600.1027061572873}, {"id": 10, "img_name": "frame000100", "width": 1200, "height": 680, "position": [0.10908303297858944, -3.7790299623391133, 3.1118809384892656], "rotation": [[-0.908395604046137, 0.07964699980890627, -0.4104555785600845], [-0.2832045109761412, 0.6049888225881639, 0.7441664662601722], [0.30759166359382745, 0.7922404180328262, -0.5270127973045382]], "fy": 599.9040832294193, "fx": 599.9040832294195}, {"id": 11, "img_name": "frame000110", "width": 1200, "height": 680, "position": [-0.09201822666107369, -3.999040497907223, 3.0752630011573885], "rotation": [[-0.9178736587669495, 0.08895783202482571, -0.3867744183154005], [-0.2690726015928783, 0.5768874535453995, 0.7712332986936865], [0.2917325515156196, 0.8119651286005743, -0.5055736823874822]], "fy": 600.1730640451451, "fx": 600.173064045145}, {"id": 12, "img_name": "frame000120", "width": 1200, "height": 680, "position": [-0.3528010719993522, -4.158396821600545, 3.127795088884905], "rotation": [[-0.9299714322273508, 0.09623660236805819, -0.35481213565161707], [-0.24950715129997394, 0.5435953328687483, 0.8014052005904921], [0.2699987346103333, 0.8338121074006822, -0.48151640975241045]], "fy": 600.7062375146589, "fx": 600.7062375146589}, {"id": 13, "img_name": "frame000130", "width": 1200, "height": 680, "position": [-0.6508085717413625, -4.246985430742207, 3.240963795040017], "rotation": [[-0.9432468893959095, 0.09621429678520622, -0.3178492012559866], [-0.2261757867564289, 0.5147002475214442, 0.8269994973919116], [0.2431662376442314, 0.8519544966108765, -0.46372806317329635]], "fy": 600.2796017057357, "fx": 600.2796017057356}, {"id": 14, "img_name": "frame000140", "width": 1200, "height": 680, "position": [-0.9700898773034824, -4.271053553155722, 3.385175571614791], "rotation": [[-0.9568177896217537, 0.08714768935676348, -0.27731750342003164], [-0.19906483854726115, 0.49876948149698785, 0.8435651690186], [0.211832262692667, 0.8623423244669157, -0.45988347210516534]], "fy": 599.7287366628038, "fx": 599.7287366628038}, {"id": 15, "img_name": "frame000150", "width": 1200, "height": 680, "position": [-1.298046396700707, -4.2542549388081055, 3.5248018709558946], "rotation": [[-0.9699309856282997, 0.07048844981355756, -0.23294905357394521], [-0.16780337780133706, 0.4995884080252717, 0.8498549576046707], [0.17628360535392093, 0.8633902947159274, -0.4727380770297302]], "fy": 599.9478667195621, "fx": 599.9478667195621}, {"id": 16, "img_name": "frame000160", "width": 1200, "height": 680, "position": [-1.611030476261653, -4.176448000635534, 3.6093561669426424], "rotation": [[-0.9810577183965977, 0.05073018429556247, -0.18695507903183248], [-0.1349295063543804, 0.5135299377829329, 0.8473966198396238], [0.13899561679932101, 0.8565707509610604, -0.49695751036540364]], "fy": 599.2107867394644, "fx": 599.2107867394643}, {"id": 17, "img_name": "frame000170", "width": 1200, "height": 680, "position": [-1.89213765063466, -4.0755370527555685, 3.619526602182875], "rotation": [[-0.9898050558039264, 0.03132830164660078, -0.1389405952949859], [-0.10074325620692323, 0.5355823403645135, 0.8384523558428922], [0.10068141751987644, 0.8439017088533531, -0.5269659931727835]], "fy": 599.9958569965114, "fx": 599.9958569965115}, {"id": 18, "img_name": "frame000180", "width": 1200, "height": 680, "position": [-2.11943416643775, -3.9201656160589637, 3.49560031959047], "rotation": [[-0.995687638841881, 0.014372398741018522, -0.09164911353586153], [-0.06785930331264349, 0.5607869104659484, 0.8251746215220019], [0.06325536191820198, 0.8278354155292496, -0.5573932938097764]], "fy": 599.3964988483301, "fx": 599.3964988483301}, {"id": 19, "img_name": "frame000190", "width": 1200, "height": 680, "position": [-2.2651567104102033, -3.741163993144393, 3.281504680825746], "rotation": [[-0.9989257590807505, 0.0011284145014198584, -0.046325527796876265], [-0.03685788667621542, 0.5865676302411422, 0.8090611295464972], [0.028086011370599268, 0.8098994640287173, -0.5858959243170128]], "fy": 599.7541207498305, "fx": 599.7541207498302}, {"id": 20, "img_name": "frame000200", "width": 1200, "height": 680, "position": [-2.29219652567491, -3.539444262378348, 3.069558784349739], "rotation": [[-0.9999468040096169, -0.007884533892254526, -0.006650058364699773], [-0.01008843190351759, 0.6133698894037072, 0.7897313481903907], [-0.0021477180168989014, 0.7897564263101539, -0.6134168031682318]], "fy": 601.1045916715572, "fx": 601.104591671557}, {"id": 21, "img_name": "frame000210", "width": 1200, "height": 680, "position": [-2.201418875056341, -3.286830508374469, 2.8868891026117556], "rotation": [[-0.9995955600618603, -0.012911698399779941, 0.025337804740113854], [0.011220701232166022, 0.6396238319036834, 0.768606173228336], [-0.026130674856832223, 0.7685796261320499, -0.6392202641705318]], "fy": 600.7591039981688, "fx": 600.7591039981689}, {"id": 22, "img_name": "frame000220", "width": 1200, "height": 680, "position": [-2.066267868302443, -3.0570587662094306, 2.706430314969552], "rotation": [[-0.9984392284505285, -0.015945469419183036, 0.05352428510605759], [0.029868961666358995, 0.6573392710230882, 0.7530026081626867], [-0.04719059461467102, 0.7534260579352409, -0.6558370399756911]], "fy": 600.3095300229556, "fx": 600.3095300229556}, {"id": 23, "img_name": "frame000230", "width": 1200, "height": 680, "position": [-1.9500167829120876, -2.9034860801760907, 2.5023109787427145], "rotation": [[-0.9966177727067416, -0.019244995678086012, 0.07989145928322117], [0.04740375916170711, 0.6594970919341407, 0.7502109498985937], [-0.06712599155611039, 0.751460721443085, -0.6563542377297842]], "fy": 600.4854130631849, "fx": 600.4854130631849}, {"id": 24, "img_name": "frame000240", "width": 1200, "height": 680, "position": [-1.8868761888861958, -2.819158087352848, 2.2469985862628556], "rotation": [[-0.9939151471645019, -0.025249696310308482, 0.10721535838303793], [0.0660672788844769, 0.6421835484177509, 0.7636985038628706], [-0.08813509458647457, 0.7661349378391663, -0.6366077773043692]], "fy": 600.9548808847585, "fx": 600.9548808847585}, {"id": 25, "img_name": "frame000250", "width": 1200, "height": 680, "position": [-1.8801600133560838, -2.7658730209524545, 1.9521594739655226], "rotation": [[-0.9895423277152491, -0.03587729166778894, 0.1397097047540781], [0.08895973041755617, 0.6106361741236038, 0.78689874139925], [-0.11354359525716544, 0.7910981499120525, -0.6010587069345267]], "fy": 600.7554554230999, "fx": 600.7554554230999}, {"id": 26, "img_name": "frame000260", "width": 1200, "height": 680, "position": [-1.91136472195066, -2.710269363391617, 1.6272700454267308], "rotation": [[-0.9820772794898414, -0.053942354279286245, 0.18059468299105186], [0.1180369785806602, 0.5709790728741024, 0.8124347173941908], [-0.14694042601469245, 0.8191905277495816, -0.5543783820171757]], "fy": 600.6818259793761, "fx": 600.681825979376}, {"id": 27, "img_name": "frame000270", "width": 1200, "height": 680, "position": [-1.976675237213258, -2.580808613565211, 1.2944502289761466], "rotation": [[-0.9689143338225982, -0.07842628170418302, 0.23463659572020357], [0.15762485884718325, 0.535302468924398, 0.8298226742122977], [-0.19068145580133294, 0.8410116438560763, -0.5063003034879435]], "fy": 600.3140032060616, "fx": 600.3140032060617}, {"id": 28, "img_name": "frame000280", "width": 1200, "height": 680, "position": [-2.0497658319950647, -2.372038572077049, 0.9700620235625832], "rotation": [[-0.9461636034093878, -0.10912484707854217, 0.30473956640621397], [0.2082427941011543, 0.5155474466335449, 0.8311713234794474], [-0.24780914891970146, 0.8498838732554683, -0.4650677667738071]], "fy": 600.3159114537958, "fx": 600.3159114537958}, {"id": 29, "img_name": "frame000290", "width": 1200, "height": 680, "position": [-2.1271805932304066, -2.1008893273686073, 0.6735275755866312], "rotation": [[-0.9150231974265963, -0.1392091015872, 0.3786203563023161], [0.2613683732221714, 0.5103362549071091, 0.819294501633315], [-0.30727694617462586, 0.8486328611140809, -0.430584655308251]], "fy": 600.1573493135803, "fx": 600.1573493135803}, {"id": 30, "img_name": "frame000300", "width": 1200, "height": 680, "position": [-2.181274030839698, -1.8182080703839003, 0.4404597846932016], "rotation": [[-0.895067749044479, -0.16607856201789878, 0.413849774505817], [0.2895599786111936, 0.4893299234343948, 0.8226246074719467], [-0.33912939036175227, 0.8561390875726655, -0.3898937282428501]], "fy": 600.4193459021559, "fx": 600.4193459021559}, {"id": 31, "img_name": "frame000310", "width": 1200, "height": 680, "position": [-2.2000810031918205, -1.5460344851188728, 0.2893867693514911], "rotation": [[-0.8944646682859837, -0.19011447722369168, 0.40470908408140194], [0.2904909467484163, 0.44100749843115156, 0.84919220214549], [-0.33992347233642695, 0.8771367463956008, -0.33923909131656094]], "fy": 599.9092392385172, "fx": 599.9092392385172}, {"id": 32, "img_name": "frame000320", "width": 1200, "height": 680, "position": [-2.1648225374371552, -1.3437195327541611, 0.2516205811414501], "rotation": [[-0.8819019956916401, -0.21534766709788752, 0.4193736427943459], [0.30656908489391915, 0.4138254911452917, 0.857183678720998], [-0.35814000918971234, 0.8845189908384419, -0.29893458927286604]], "fy": 599.9480942560916, "fx": 599.9480942560916}, {"id": 33, "img_name": "frame000330", "width": 1200, "height": 680, "position": [-2.0640075022515827, -1.2496229930079437, 0.34940199186743703], "rotation": [[-0.8659042586070089, -0.223478958065227, 0.4475119777484473], [0.32569459497101555, 0.4271277642286632, 0.8434956454135905], [-0.37964831849082703, 0.8761387038175541, -0.29706586128329143]], "fy": 600.3569888363235, "fx": 600.3569888363231}, {"id": 34, "img_name": "frame000340", "width": 1200, "height": 680, "position": [-1.8954319756694211, -1.242482887562275, 0.5625436316975893], "rotation": [[-0.8722598498668909, -0.19863496144480716, 0.4468857867531807], [0.31824452240375584, 0.4632868528699851, 0.8270947442208965], [-0.3713262423667288, 0.8636604911941062, -0.34089203229198667]], "fy": 600.1039472178868, "fx": 600.1039472178869}, {"id": 35, "img_name": "frame000350", "width": 1200, "height": 680, "position": [-1.6801477987002307, -1.2932405235488662, 0.8437463195148766], "rotation": [[-0.8944398445052276, -0.15680667702313653, 0.418794735643161], [0.29034077357177207, 0.5086462156779371, 0.810543806637407], [-0.34011703833123136, 0.846575863887859, -0.4094260701510298]], "fy": 600.0573947192798, "fx": 600.0573947192797}, {"id": 36, "img_name": "frame000360", "width": 1200, "height": 680, "position": [-1.435245543785969, -1.3614602686758566, 1.1425887528584904], "rotation": [[-0.9222954077742388, -0.11682470125694311, 0.36840625669873917], [0.24983095094619753, 0.5470803883299562, 0.7989289985061645], [-0.29488247955392316, 0.8288878319054819, -0.4753833036310384]], "fy": 599.9545685837065, "fx": 599.9545685837066}, {"id": 37, "img_name": "frame000370", "width": 1200, "height": 680, "position": [-1.1838644295421104, -1.4055171105868516, 1.4090609195977095], "rotation": [[-0.9473369536980532, -0.09211668257822563, 0.3067037869816326], [0.20573453312283183, 0.558879484633128, 0.8033224903716686], [-0.2454098572568402, 0.824116641287501, -0.5104956057736301]], "fy": 600.3783087992917, "fx": 600.3783087992916}, {"id": 38, "img_name": "frame000380", "width": 1200, "height": 680, "position": [-0.9372576628111401, -1.3820033316333422, 1.5914621482012061], "rotation": [[-0.9675386534834146, -0.07981381082233228, 0.2397888855170689], [0.16082325566182265, 0.5374627963312515, 0.8278101370472118], [-0.19494828661425334, 0.8395019345789555, -0.5071801133565456]], "fy": 600.4806142474405, "fx": 600.4806142474405}, {"id": 39, "img_name": "frame000390", "width": 1200, "height": 680, "position": [-0.718115427491679, -1.2501396610894153, 1.6415718014587215], "rotation": [[-0.9829622507721232, -0.07046141068696252, 0.1697657302314135], [0.11489780177393022, 0.4853722016481254, 0.8667250550288541], [-0.14347023630189118, 0.8714637201118899, -0.4690066905964403]], "fy": 600.355637555665, "fx": 600.355637555665}, {"id": 40, "img_name": "frame000400", "width": 1200, "height": 680, "position": [-0.5493763963916692, -1.0048717854036382, 1.5563468363181174], "rotation": [[-0.9938591507853133, -0.053971185384721995, 0.09659761668107412], [0.06638433943785473, 0.40760411429274745, 0.9107425571966122], [-0.08852744138229368, 0.9115623934541138, -0.401518237397147]], "fy": 599.8867190166212, "fx": 599.8867190166212}, {"id": 41, "img_name": "frame000410", "width": 1200, "height": 680, "position": [-0.4504696001905962, -0.7043803568923148, 1.4004291376908165], "rotation": [[-0.9995131724468879, -0.022682122367159253, 0.02142287165807615], [0.013011441151903579, 0.3210391754608585, 0.9469765309755898], [-0.02835701860752887, 0.9467942591420446, -0.32058775764423514]], "fy": 599.3308831307987, "fx": 599.3308831307987}, {"id": 42, "img_name": "frame000420", "width": 1200, "height": 680, "position": [-0.450029758885683, -0.4080371671586471, 1.2403324090683503], "rotation": [[-0.9986021908080615, 0.021385517377617035, -0.048335537235368736], [-0.041220376515958924, 0.2573113762339769, 0.9654489816766393], [0.0330839095818898, 0.9660918772596468, -0.2560701849487927]], "fy": 599.9565849314295, "fx": 599.9565849314295}, {"id": 43, "img_name": "frame000430", "width": 1200, "height": 680, "position": [-0.5581523499412387, -0.1420233742227317, 1.1212136825096666], "rotation": [[-0.9925258150769165, 0.06048436507220641, -0.1059912637329812], [-0.08747489971616185, 0.2529923137029674, 0.963505594756391], [0.08509199918646725, 0.9655757509325881, -0.24581053859714572]], "fy": 599.7164554254829, "fx": 599.7164554254831}, {"id": 44, "img_name": "frame000440", "width": 1200, "height": 680, "position": [-0.7207004945192615, 0.10215554142153985, 1.0321918296470411], "rotation": [[-0.982813901686065, 0.08652684298521125, -0.1630642207709126], [-0.12893540059546846, 0.31039951833975304, 0.941821533777889], [0.13210789955902863, 0.9466600469320873, -0.29390858853840823]], "fy": 599.8097465564061, "fx": 599.8097465564061}, {"id": 45, "img_name": "frame000450", "width": 1200, "height": 680, "position": [-0.8531518917954868, 0.36169630515096607, 0.9298903215754732], "rotation": [[-0.9644941076515268, 0.10405239924445282, -0.24274310395345414], [-0.18148544818377893, 0.40661211269147274, 0.8953935569960897], [0.1918701342132676, 0.9076561507663844, -0.37329099047918674]], "fy": 599.5020453707108, "fx": 599.5020453707108}, {"id": 46, "img_name": "frame000460", "width": 1200, "height": 680, "position": [-0.8950312645114903, 0.6487237761794769, 0.7843981334747453], "rotation": [[-0.9248959689044134, 0.1132948164565867, -0.3629486620287154], [-0.258159595893045, 0.5136927816002022, 0.8182135107538782], [0.27914345729876255, 0.8504610577186443, -0.44586423892411303]], "fy": 600.1040413061866, "fx": 600.1040413061866}, {"id": 47, "img_name": "frame000470", "width": 1200, "height": 680, "position": [-0.8987431405579249, 0.9148773330422755, 0.585607327443358], "rotation": [[-0.8540139785627755, 0.11424872896954318, -0.5075503446439795], [-0.3506268550205415, 0.5943382861065291, 0.7237560432952238], [0.3843448099789859, 0.796058559150517, -0.4675145318013328]], "fy": 599.6023939266191, "fx": 599.6023939266191}, {"id": 48, "img_name": "frame000480", "width": 1200, "height": 680, "position": [-0.9311770326899826, 1.0547059845601117, 0.33612524351802675], "rotation": [[-0.7565747894751974, 0.13371402008340913, -0.6400899536500277], [-0.4384622195777974, 0.6224733461854752, 0.6482883735588424], [0.48512417991012613, 0.7711339015513397, -0.41231909480975604]], "fy": 599.8140891935815, "fx": 599.8140891935815}, {"id": 49, "img_name": "frame000490", "width": 1200, "height": 680, "position": [-1.0478316944396957, 1.0366649027678858, 0.03568082562492586], "rotation": [[-0.6626658062357234, 0.19538252191380212, -0.7229797364909765], [-0.5006303824093921, 0.6024128193017659, 0.6216655172595016], [0.5569948379065868, 0.7739021031574346, -0.3013839499275218]], "fy": 599.9720683090591, "fx": 599.9720683090591}, {"id": 50, "img_name": "frame000500", "width": 1200, "height": 680, "position": [-1.2033107048995615, 0.9240306520485562, -0.27818637712089217], "rotation": [[-0.5836398709951787, 0.30487512397122785, -0.7526059126583179], [-0.5420094331314689, 0.543875837177298, 0.6406440885009376], [0.6046406167147846, 0.7818249372578377, -0.15218243032802148]], "fy": 600.0961350957456, "fx": 600.0961350957456}, {"id": 51, "img_name": "frame000510", "width": 1200, "height": 680, "position": [-1.3343541308687923, 0.8127988812473973, -0.5670361745538028], "rotation": [[-0.5043053008835483, 0.46181744102103783, -0.7296580121327619], [-0.5754919929797693, 0.45023199912788125, 0.6827152502892289], [0.6438051953168182, 0.7642092633108365, 0.03871785573842665]], "fy": 600.5549556205461, "fx": 600.5549556205463}, {"id": 52, "img_name": "frame000520", "width": 1200, "height": 680, "position": [-1.3821769274229003, 0.8115438424938997, -0.7884754220527064], "rotation": [[-0.39162323317921865, 0.6291755834177, -0.6713935719570541], [-0.6119352986301952, 0.36682219079874345, 0.7006972745972286], [0.6871436774973839, 0.685258758111567, 0.24135865616704963]], "fy": 601.0067150535817, "fx": 601.0067150535816}, {"id": 53, "img_name": "frame000530", "width": 1200, "height": 680, "position": [-1.3104460325508096, 1.0110218962715432, -0.9087645264051099], "rotation": [[-0.2449323416650433, 0.7322006055982965, -0.6355237376903923], [-0.6440913876039851, 0.36705779701342167, 0.6711295389610167], [0.7246753979685328, 0.5737166956025785, 0.3816997783153754]], "fy": 600.1882551384363, "fx": 600.1882551384363}, {"id": 54, "img_name": "frame000540", "width": 1200, "height": 680, "position": [-1.1643683726174288, 1.3327578985648212, -0.9291346443054683], "rotation": [[-0.15713599986934418, 0.736770340838222, -0.657630399545361], [-0.6553241711420948, 0.42038309960885256, 0.6275573920209847], [0.7388223793727334, 0.529572954770524, 0.41676609424667566]], "fy": 600.2490731690837, "fx": 600.2490731690839}, {"id": 55, "img_name": "frame000550", "width": 1200, "height": 680, "position": [-1.0318571676039061, 1.7008550816708685, -0.8587616194111725], "rotation": [[-0.130070447262386, 0.6987691153134511, -0.7034226341489302], [-0.6575747170526749, 0.4701814686716002, 0.5886636374118176], [0.7420762563524437, 0.5391206822241881, 0.3983361893627899]], "fy": 599.6029789832047, "fx": 599.6029789832046}, {"id": 56, "img_name": "frame000560", "width": 1200, "height": 680, "position": [-0.9380950853460377, 2.0255004834901107, -0.7637243632579661], "rotation": [[-0.09897737186332821, 0.6641324822351204, -0.7410340922651573], [-0.6598958699691414, 0.5135827680801555, 0.5484251827996185], [0.7448093183202652, 0.5432870202492806, 0.38742520952044324]], "fy": 599.6024605806195, "fx": 599.6024605806194}, {"id": 57, "img_name": "frame000570", "width": 1200, "height": 680, "position": [-0.8765400945601785, 2.230894437839382, -0.7287283172883046], "rotation": [[-0.017203391483165475, 0.6526320136355362, -0.757479701443875], [-0.6624700433552744, 0.5599974704008164, 0.49753017476485556], [0.7488908364897637, 0.5103668170274317, 0.42271530265528606]], "fy": 599.4694442819603, "fx": 599.4694442819601}, {"id": 58, "img_name": "frame000580", "width": 1200, "height": 680, "position": [-0.8432096967827111, 2.2575582187252374, -0.835163193705897], "rotation": [[0.11874465510386463, 0.6620328413581258, -0.7400082593103611], [-0.6571975496963597, 0.6110729083991704, 0.4412270178645908], [0.7443057755770575, 0.4339382647150002, 0.5076480029102541]], "fy": 599.2133425376658, "fx": 599.2133425376658}, {"id": 59, "img_name": "frame000590", "width": 1200, "height": 680, "position": [-0.8160453746286217, 2.1376333560887164, -1.0628112082979415], "rotation": [[0.2996154226923847, 0.6673444153908197, -0.6818225793647118], [-0.6301930643126901, 0.6749886142686112, 0.38372786229295586], [0.7163011239534989, 0.3147090749476808, 0.6227928210637382]], "fy": 599.7243396977995, "fx": 599.7243396977995}, {"id": 60, "img_name": "frame000600", "width": 1200, "height": 680, "position": [-0.7899814506516195, 1.9362624341238097, -1.3669626764916059], "rotation": [[0.4978959083942324, 0.6414234606733036, -0.5836742314871926], [-0.5713076440711653, 0.7489426739790069, 0.335696956970166], [0.6524624435399609, 0.16631540876015571, 0.7393456191652221]], "fy": 599.5874347620116, "fx": 599.5874347620118}, {"id": 61, "img_name": "frame000610", "width": 1200, "height": 680, "position": [-0.7478818283096954, 1.7091366057919446, -1.7100617581315705], "rotation": [[0.6662953283083225, 0.5835080101017959, -0.4642940206609893], [-0.4897014429161603, 0.8119556705551589, 0.31767984805327637], [0.5623548988675525, 0.01569685319943627, 0.8267469845843407]], "fy": 599.3357385758255, "fx": 599.3357385758256}, {"id": 62, "img_name": "frame000620", "width": 1200, "height": 680, "position": [-0.6740728160362665, 1.51151239522906, -2.054545038886257], "rotation": [[0.7738511574461867, 0.5256712896136922, -0.3533045165223267], [-0.4144695543642507, 0.8420924256442872, 0.3451019199854157], [0.4789252286362629, -0.12062355469972937, 0.8695289434097665]], "fy": 599.5909725514043, "fx": 599.5909725514044}, {"id": 63, "img_name": "frame000630", "width": 1200, "height": 680, "position": [-0.5561907853042991, 1.404363193243042, -2.358926134003368], "rotation": [[0.8497535860761071, 0.45575448996426876, -0.26496544647973486], [-0.34359864909489224, 0.8599918900515806, 0.37729818099969065], [0.3998234751624285, -0.22956871285721733, 0.887377819638354]], "fy": 600.2609172201277, "fx": 600.2609172201279}, {"id": 64, "img_name": "frame000640", "width": 1200, "height": 680, "position": [-0.3871819132731478, 1.4444107012392138, -2.570493868102437], "rotation": [[0.9174908161909442, 0.3436499419805309, -0.20028809146340412], [-0.2573171766860224, 0.8967848572742355, 0.3599510943808381], [0.3033125002165416, -0.2787142571531038, 0.9112189034869634]], "fy": 599.7390061587128, "fx": 599.7390061587128}, {"id": 65, "img_name": "frame000650", "width": 1200, "height": 680, "position": [-0.1855638681582484, 1.6151734230766794, -2.7182136325528883], "rotation": [[0.9666296825735837, 0.21028029524114594, -0.1463190151722914], [-0.16304857548630688, 0.945541373759856, 0.28172091250067055], [0.19759103926944363, -0.24846268923446205, 0.9482742605695887]], "fy": 599.6550892929624, "fx": 599.6550892929624}, {"id": 66, "img_name": "frame000660", "width": 1200, "height": 680, "position": [0.006695471630131883, 1.8745651047613565, -2.8385736412009965], "rotation": [[0.992186218261705, 0.08995727758208948, -0.08645343545258796], [-0.0755110281903895, 0.9845689896000807, 0.1578669988930753], [0.0993206570314861, -0.15010527281842875, 0.9836685489324841]], "fy": 599.8257184681974, "fx": 599.8257184681974}, {"id": 67, "img_name": "frame000670", "width": 1200, "height": 680, "position": [0.1426344984694231, 2.1703616408108544, -2.966468280491871], "rotation": [[0.9999447338481526, -0.003386034240237364, -0.009953091051075447], [0.0035956930494675937, 0.9997704221750069, 0.02112282972290023], [0.009879283417387539, -0.021157450605698385, 0.9997273438508252]], "fy": 599.7821720534312, "fx": 599.7821720534312}, {"id": 68, "img_name": "frame000680", "width": 1200, "height": 680, "position": [0.18296149522280117, 2.4595629471931773, -3.1450253631983442], "rotation": [[0.9939260445848646, -0.07244722998877899, 0.08283970523148246], [0.0794799731154476, 0.993204965586569, -0.08501076524623348], [-0.07611801212232006, 0.09107851119301114, 0.9929303867993018]], "fy": 599.9857045036965, "fx": 599.9857045036965}, {"id": 69, "img_name": "frame000690", "width": 1200, "height": 680, "position": [0.12027271769628725, 2.7000204918030923, -3.3749025097893446], "rotation": [[0.9750148609874459, -0.12909055983533652, 0.18078066327743889], [0.15386312661586496, 0.9794438850899753, -0.13044467880234], [-0.16022533857546262, 0.1550009784525722, 0.9748346206188637]], "fy": 600.090046123707, "fx": 600.0900461237069}, {"id": 70, "img_name": "frame000700", "width": 1200, "height": 680, "position": [0.24339715219996122, 2.89917012724951, -3.280490800560272], "rotation": [[0.9553322417852397, -0.16591660101399344, 0.24456489795870476], [0.20238455248136344, 0.9703314940143561, -0.1322773020619409], [-0.21536202247032002, 0.17586492894216016, 0.9605679184970015]], "fy": 599.8477401083559, "fx": 599.8477401083559}, {"id": 71, "img_name": "frame000710", "width": 1200, "height": 680, "position": [0.4306706673038991, 3.0535049519208095, -2.981623047001736], "rotation": [[0.9347995037393156, -0.20124800322140893, 0.2926587244695177], [0.24170973443002303, 0.9642048012875741, -0.10902066526928653], [-0.2602427560768926, 0.1726509263612155, 0.9499817711599086]], "fy": 599.8926821614735, "fx": 599.8926821614735}, {"id": 72, "img_name": "frame000720", "width": 1200, "height": 680, "position": [0.5504384864599144, 3.153419441372854, -2.670754641105467], "rotation": [[0.9116873151243942, -0.24070502324729057, 0.3329974943220969], [0.2784428236261586, 0.9579050181958738, -0.06991115852462086], [-0.3021520038198747, 0.15645787899202787, 0.9403324405171559]], "fy": 599.8392636333487, "fx": 599.8392636333487}, {"id": 73, "img_name": "frame000730", "width": 1200, "height": 680, "position": [0.6423897657377006, 3.2009978653034823, -2.374635059240498], "rotation": [[0.8933455229272891, -0.27572963030636055, 0.35483369010972726], [0.30380235135013417, 0.9524128237550189, -0.02477790267800811], [-0.3311161548156445, 0.12993453781850664, 0.934601042104059]], "fy": 599.7872276112015, "fx": 599.7872276112015}, {"id": 74, "img_name": "frame000740", "width": 1200, "height": 680, "position": [0.7489956144494188, 3.1994755802568537, -2.114095594296052], "rotation": [[0.8877234751575024, -0.2995471840646018, 0.34959764898130363], [0.31099412297448153, 0.9500991185430656, 0.024378687803546975], [-0.3394549854246072, 0.08708128078213667, 0.9365827050547765]], "fy": 599.7719554652523, "fx": 599.7719554652523}, {"id": 75, "img_name": "frame000750", "width": 1200, "height": 680, "position": [0.9131472827907084, 3.151284777141895, -1.910826104441883], "rotation": [[0.8983658308433153, -0.308870961321076, 0.31231004342767127], [0.29700433647731495, 0.9509801464988794, 0.0861695136265715], [-0.3236159113623269, 0.015345690520937613, 0.9460640843492403]], "fy": 599.5768266579564, "fx": 599.5768266579565}, {"id": 76, "img_name": "frame000760", "width": 1200, "height": 680, "position": [1.1550604676639287, 3.057996227569646, -1.7790644105042543], "rotation": [[0.9264649536206491, -0.2910451888985948, 0.23865327932310096], [0.25576382713407975, 0.9520093302185287, 0.16811632849487515], [-0.27612959718657, -0.09471501040410345, 0.956442111349]], "fy": 599.8106961577508, "fx": 599.8106961577508}, {"id": 77, "img_name": "frame000770", "width": 1200, "height": 680, "position": [1.4274334281330203, 2.918955518927513, -1.6808127356141132], "rotation": [[0.9527632712408673, -0.2562691123357873, 0.16299782525245204], [0.2076196323521213, 0.9412663285163299, 0.2662926718168536], [-0.22166695115955207, -0.21987232855458677, 0.9500104851524601]], "fy": 599.6332072325755, "fx": 599.6332072325756}, {"id": 78, "img_name": "frame000780", "width": 1200, "height": 680, "position": [1.680128371977869, 2.731622941955735, -1.5900179381893877], "rotation": [[0.9314832803005497, -0.3212605511702563, 0.17067676110798047], [0.24715602134715825, 0.9031378941604231, 0.35107811843423053], [-0.2669322004411805, -0.28483960818899406, 0.9206593278593171]], "fy": 599.4550304165813, "fx": 599.4550304165812}, {"id": 79, "img_name": "frame000790", "width": 1200, "height": 680, "position": [1.9056966602341998, 2.529637555827791, -1.5360076454030367], "rotation": [[0.8208584249997979, -0.5025109450311142, 0.2714299103466442], [0.3836258494121476, 0.8371980852434371, 0.3897827263072733], [-0.42311068737348034, -0.21582890489612125, 0.8799972897922369]], "fy": 599.2836886743894, "fx": 599.2836886743894}, {"id": 80, "img_name": "frame000800", "width": 1200, "height": 680, "position": [2.1512324005173338, 2.388077361051581, -1.6302064016717313], "rotation": [[0.7149864452993928, -0.592454829193388, 0.371202988139336], [0.46765077249552767, 0.7999538920266333, 0.37600069895650196], [-0.5197087049708468, -0.09524203902098773, 0.8490181482045305]], "fy": 599.2686893290011, "fx": 599.2686893290011}, {"id": 81, "img_name": "frame000810", "width": 1200, "height": 680, "position": [2.3748801483495217, 2.3342898790327675, -1.867388086463727], "rotation": [[0.6616037090833328, -0.6109966721854696, 0.43469943490354174], [0.501008906798839, 0.7915133977822981, 0.3499951663085558], [-0.5579163086300749, -0.01376981152388168, 0.8297829745512904]], "fy": 599.5451821116623, "fx": 599.5451821116623}, {"id": 82, "img_name": "frame000820", "width": 1200, "height": 680, "position": [2.491508430067821, 2.3688078845621554, -2.1717939905313357], "rotation": [[0.6201687076089283, -0.6263968014222735, 0.4722476270672159], [0.5236231592974765, 0.7788018468935307, 0.3453787346125339], [-0.5841314587915986, 0.03308671097540985, 0.8109844070059722]], "fy": 599.572215278896, "fx": 599.572215278896}, {"id": 83, "img_name": "frame000830", "width": 1200, "height": 680, "position": [2.472386938210799, 2.475246185392571, -2.492841113732718], "rotation": [[0.5642745137123463, -0.6665890582203607, 0.4870865432708933], [0.5504151446890202, 0.7434836970002517, 0.37983570236590836], [-0.6153352270686768, 0.053768203947413114, 0.7864296145063518]], "fy": 599.519789739055, "fx": 599.5197897390549}, {"id": 84, "img_name": "frame000840", "width": 1200, "height": 680, "position": [2.353372411979869, 2.616822575066425, -2.800395332161794], "rotation": [[0.48399031984983326, -0.728910804770924, 0.4841925329658239], [0.5825072778587305, 0.6812754786716879, 0.4433384637072155], [-0.6530226960322801, 0.06747414948605686, 0.7543265855170858]], "fy": 599.3280067567908, "fx": 599.3280067567908}, {"id": 85, "img_name": "frame000850", "width": 1200, "height": 680, "position": [2.1798547556097714, 2.7563503904962827, -3.06320502888671], "rotation": [[0.37785244482945957, -0.7957485512911445, 0.47329882004336893], [0.615316379097257, 0.5977964967784786, 0.5138337299691597], [-0.6918188227787974, 0.09707518507540247, 0.7155159850705891]], "fy": 599.0551612648956, "fx": 599.0551612648956}, {"id": 86, "img_name": "frame000860", "width": 1200, "height": 680, "position": [1.991368065433512, 2.8552663971354066, -3.252809869289585], "rotation": [[0.26084537109009853, -0.8459094185401693, 0.46518485358607875], [0.6405819857035076, 0.5121630319596986, 0.5721396230694042], [-0.722228780908806, 0.14874906493447787, 0.6754696911839189]], "fy": 598.7815262687254, "fx": 598.7815262687254}, {"id": 87, "img_name": "frame000870", "width": 1200, "height": 680, "position": [1.8280031136650179, 2.8765020553472915, -3.3426725736631404], "rotation": [[0.17426052476475523, -0.8639826997960905, 0.47240571965395367], [0.6527032286301367, 0.46056034513245236, 0.601550217211557], [-0.7373003220157353, 0.20351428191784054, 0.6441817850661089]], "fy": 598.7243813491727, "fx": 598.7243813491727}, {"id": 88, "img_name": "frame000880", "width": 1200, "height": 680, "position": [1.7042887720133046, 2.8128184303777646, -3.3308377488368053], "rotation": [[0.14725517431536064, -0.853337776490264, 0.5001305358124065], [0.6554723038882112, 0.46286098736125836, 0.5967543591918215], [-0.7407239515992668, 0.23994654736756077, 0.6274979537285789]], "fy": 598.8076131708325, "fx": 598.8076131708325}, {"id": 89, "img_name": "frame000890", "width": 1200, "height": 680, "position": [1.6146337205113623, 2.67503532771448, -3.2324898594746956], "rotation": [[0.16689099349078818, -0.8231145310249007, 0.5427981808253558], [0.6535916503763853, 0.504540120296005, 0.5641429088182935], [-0.7382176852730707, 0.26061798830347577, 0.6221839867135113]], "fy": 599.1229531617365, "fx": 599.1229531617364}, {"id": 90, "img_name": "frame000900", "width": 1200, "height": 680, "position": [1.5563495636327254, 2.478916220816487, -3.0593884931055673], "rotation": [[0.2128245339468198, -0.7761348524225952, 0.5935658418450938], [0.6480696225382742, 0.5667583008353174, 0.5087148442667687], [-0.7312396885381822, 0.27640499143325886, 0.6236094920840785]], "fy": 599.1050934038582, "fx": 599.1050934038582}, {"id": 91, "img_name": "frame000910", "width": 1200, "height": 680, "position": [1.5216145293766117, 2.231827019187731, -2.833208391891586], "rotation": [[0.26907245811944125, -0.7152077151021784, 0.6450410347721168], [0.6393453512406692, 0.6335304350376812, 0.4357484477630548], [-0.7203037790602705, 0.29515608097968754, 0.6277303192711063]], "fy": 599.1371272023903, "fx": 599.1371272023903}, {"id": 92, "img_name": "frame000920", "width": 1200, "height": 680, "position": [1.5047463926774407, 1.9479075629085598, -2.5683542263260435], "rotation": [[0.32588088289665734, -0.6449534373050608, 0.6912573427247497], [0.6282000047299112, 0.6941349311024759, 0.3514846390394611], [-0.7065170940747539, 0.3197057414744813, 0.6313650565626971]], "fy": 599.459053890183, "fx": 599.4590538901832}, {"id": 93, "img_name": "frame000930", "width": 1200, "height": 680, "position": [1.5036472673381582, 1.6371273837649465, -2.280418225032324], "rotation": [[0.3788218284209533, -0.5719017638771354, 0.7276141798962054], [0.6155299759000268, 0.7428035535377103, 0.26337374512327955], [-0.6910983078262588, 0.34809661493035404, 0.633412879245213]], "fy": 599.8900844973117, "fx": 599.8900844973117}, {"id": 94, "img_name": "frame000940", "width": 1200, "height": 680, "position": [1.512704419311199, 1.3120428229783423, -1.9838682819845577], "rotation": [[0.4263884569487652, -0.5020381352916571, 0.7524297937307686], [0.6020718228832497, 0.7783185648518135, 0.17812841350288394], [-0.6750573337657267, 0.37706487813092504, 0.6341290671536977]], "fy": 599.9853463367215, "fx": 599.9853463367216}, {"id": 95, "img_name": "frame000950", "width": 1200, "height": 680, "position": [1.5233271037119012, 0.9839434034119529, -1.7023352865518917], "rotation": [[0.46973144023991215, -0.4408017079628715, 0.7648831468316928], [0.5882577043714113, 0.802326576527494, 0.10111843474534586], [-0.6582592553833292, 0.40244989607985593, 0.636183019144254]], "fy": 600.9587307101712, "fx": 600.958730710171}, {"id": 96, "img_name": "frame000960", "width": 1200, "height": 680, "position": [1.5403388290475317, 0.6631779914679329, -1.4335438969912533], "rotation": [[0.5091894348708782, -0.39221362489011263, 0.7660904593234623], [0.5736312840599175, 0.8182480370964429, 0.037647041525043105], [-0.6416176972026608, 0.4202839780890726, 0.6416292608648534]], "fy": 600.1980095166921, "fx": 600.1980095166923}, {"id": 97, "img_name": "frame000970", "width": 1200, "height": 680, "position": [1.5532868336018844, 0.3630109412140484, -1.2071350930910254], "rotation": [[0.5498554445654359, -0.3620119687834428, 0.7527325717273582], [0.5570603879007074, 0.8304377756841163, -0.007538232467297733], [-0.6223686321736182, 0.4234624365564828, 0.6582832600879248]], "fy": 599.8782744931207, "fx": 599.8782744931206}, {"id": 98, "img_name": "frame000980", "width": 1200, "height": 680, "position": [1.5590778224207396, 0.09354972147768184, -1.0133166102521194], "rotation": [[0.5955080220435867, -0.3608738683642358, 0.7177327126539287], [0.5360870409128812, 0.8439143015667653, -0.02047769948868845], [-0.5983150342812767, 0.3969618404115319, 0.6960175407344874]], "fy": 599.6399709861043, "fx": 599.6399709861043}, {"id": 99, "img_name": "frame000990", "width": 1200, "height": 680, "position": [1.565418245315585, -0.13264834867722292, -0.8191089781858278], "rotation": [[0.6437237581476051, -0.40496092885957374, 0.6493276286232667], [0.5110675724022358, 0.8590478520706644, 0.029098527310902206], [-0.5695872713072238, 0.31311888149705874, 0.7599519105935729]], "fy": 599.4041798699874, "fx": 599.4041798699873}, {"id": 100, "img_name": "frame001000", "width": 1200, "height": 680, "position