[{"id": 0, "img_name": "frame000000", "width": 1200, "height": 680, "position": [1.4142836098884792, -2.8504587754351514, 2.4538727171987356], "rotation": [[-0.8606777394784827, -0.2005112491514026, 0.46800541421008424], [0.29572378775064734, 0.5513832163919447, 0.7800794767455964], [-0.4144650408956327, 0.8097973744369745, -0.41526731418492724]], "fy": 599.9064303875865, "fx": 599.9064303875865}, {"id": 1, "img_name": "frame000010", "width": 1200, "height": 680, "position": [0.9877595512181285, -2.810025641650783, 2.545992222051668], "rotation": [[-0.8702481420208743, -0.19029809121578, 0.4543729831194254], [0.2872196268942163, 0.5533564709443307, 0.7818577249031841], [-0.40021626308280156, 0.8109150711040378, -0.4269000939568536]], "fy": 599.6216933314885, "fx": 599.6216933314884}, {"id": 2, "img_name": "frame000020", "width": 1200, "height": 680, "position": [0.7088484169878593, -2.664115377738768, 2.7438616432274037], "rotation": [[-0.8418836763345798, -0.16580270711137357, 0.5135575311841037], [0.3106566033410081, 0.6292478260336929, 0.7124181694991353], [-0.44127582113911384, 0.7593132658833317, -0.4782457672908242]], "fy": 599.6812354069768, "fx": 599.6812354069768}, {"id": 3, "img_name": "frame000030", "width": 1200, "height": 680, "position": [0.5174402440838417, -2.4499953865181454, 2.994416660290893], "rotation": [[-0.8077597894518159, -0.11627542042119295, 0.5779309207428107], [0.33508902968870125, 0.7160155583109241, 0.6124026963028336], [-0.4850149118604941, 0.6883325844841073, -0.5394059588198731]], "fy": 599.9181757490433, "fx": 599.9181757490433}, {"id": 4, "img_name": "frame000040", "width": 1200, "height": 680, "position": [0.3573943223662031, -2.1883515171636887, 3.2400786308311607], "rotation": [[-0.8029300155477284, -0.06698427854836703, 0.5922976418658776], [0.3383931250094624, 0.7667943810549448, 0.54545070366523], [-0.49070712556356355, 0.6383881919411721, -0.5930152049578713]], "fy": 600.4560298484374, "fx": 600.4560298484374}, {"id": 5, "img_name": "frame000050", "width": 1200, "height": 680, "position": [0.16640434481221975, -1.9152098078070987, 3.420676431953308], "rotation": [[-0.8335703091013603, -0.03967961408965823, 0.5509864499335333], [0.3170282329509662, 0.7824502571450256, 0.5359707964112141], [-0.4523866037988417, 0.6214476030361523, -0.6396477447657973]], "fy": 600.1536815944452, "fx": 600.1536815944453}, {"id": 6, "img_name": "frame000060", "width": 1200, "height": 680, "position": [-0.10347402697584718, -1.6558469263231923, 3.473694776532445], "rotation": [[-0.8679734313534024, -0.017148732758716125, 0.49631446022594355], [0.28938219264935, 0.7947269160928669, 0.5335420090442511], [-0.4035840297163083, 0.606724855105089, -0.684839310463158]], "fy": 599.7587576460548, "fx": 599.7587576460547}, {"id": 7, "img_name": "frame000070", "width": 1200, "height": 680, "position": [-0.46018556907982267, -1.453263494514802, 3.4268730979628748], "rotation": [[-0.8880331008048021, 0.01360556109222104, 0.4595781767908195], [0.2710071587526311, 0.8229559163160874, 0.49929818716391833], [-0.37141934761107176, 0.5679422932901852, -0.7344992986466704]], "fy": 599.9478937445331, "fx": 599.9478937445331}, {"id": 8, "img_name": "frame000080", "width": 1200, "height": 680, "position": [-0.8472595502264545, -1.369469345897325, 3.3374638626403037], "rotation": [[-0.8988777008371571, 0.04310222193185196, 0.43607462366233085], [0.26023069508394564, 0.8531710169394523, 0.45208317950420085], [-0.35256044059683234, 0.5198474914040061, -0.7781129233004223]], "fy": 600.1244456419921, "fx": 600.1244456419921}, {"id": 9, "img_name": "frame000090", "width": 1200, "height": 680, "position": [-1.1847916324779526, -1.4390850687229129, 3.282915115016025], "rotation": [[-0.9072777330168235, 0.058744787343410605, 0.41640865160540386], [0.25137059969111525, 0.8695838541695595, 0.4250138141031929], [-0.3371348940450725, 0.4902784622309976, -0.80372078030223]], "fy": 600.0165781818708, "fx": 600.0165781818707}, {"id": 10, "img_name": "frame000100", "width": 1200, "height": 680, "position": [-1.452411530020565, -1.6761809339888267, 3.318481418267285], "rotation": [[-0.9154918234516698, 0.050101201095679906, 0.39920494841861204], [0.24214291304753247, 0.8610105821740541, 0.44724443769056693], [-0.321312201533013, 0.5061132749030266, -0.8003797986661966]], "fy": 600.1910386573009, "fx": 600.1910386573007}, {"id": 11, "img_name": "frame000110", "width": 1200, "height": 680, "position": [-1.7447945373019615, -1.990099593514165, 3.407810465283021], "rotation": [[-0.9191941431716169, 0.023859884255155995, 0.3930812041834701], [0.2379443143683589, 0.829004658870619, 0.5060966101749547], [-0.31379074304186866, 0.5587324775723522, -0.7676935508958584]], "fy": 600.2227787962383, "fx": 600.2227787962383}, {"id": 12, "img_name": "frame000120", "width": 1200, "height": 680, "position": [-2.0312592679263544, -2.2758418109986827, 3.46058668763714], "rotation": [[-0.920030035165363, -0.007264378023758283, 0.3917805038609613], [0.23679269948651518, 0.7863147503692612, 0.5706472910840946], [-0.31220818673364364, 0.617783410398543, -0.7217130357509388]], "fy": 599.6696063983967, "fx": 599.6696063983967}, {"id": 13, "img_name": "frame000130", "width": 1200, "height": 680, "position": [-2.16003020640743, -2.456978224658833, 3.2505076371442216], "rotation": [[-0.9224498352077002, -0.03805479959871036, 0.38423708013775504], [0.23384754858265347, 0.7368038168414958, 0.6343780099512332], [-0.30724847525605253, 0.675034790003675, -0.6707655378278796]], "fy": 599.529459511487, "fx": 599.5294595114868}, {"id": 14, "img_name": "frame000140", "width": 1200, "height": 680, "position": [-2.1404803888332373, -2.4981680776378314, 2.8439353506565275], "rotation": [[-0.9284844395021161, -0.061546901606427645, 0.3662357499003739], [0.2265377381205791, 0.6875758325818359, 0.6898696454089039], [-0.2942741898462255, 0.7234994494483349, -0.624460765651697]], "fy": 600.2794355629851, "fx": 600.2794355629851}, {"id": 15, "img_name": "frame000150", "width": 1200, "height": 680, "position": [-2.1860201752298494, -2.3762494386687902, 2.572753492868828], "rotation": [[-0.9364590123326293, -0.06918100901339351, 0.34388734523515757], [0.21593766769558814, 0.6588867137732339, 0.7205825574375901], [-0.2764334312111787, 0.7490542613222338, -0.6020816154839947]], "fy": 600.5899292606983, "fx": 600.5899292606983}, {"id": 16, "img_name": "frame000160", "width": 1200, "height": 680, "position": [-2.392185212170307, -2.1085903722658648, 2.552018412481889], "rotation": [[-0.944354373528369, -0.06252498184198302, 0.32293256857043884], [0.20470620205634868, 0.6567600623781464, 0.725783432784683], [-0.2574688098343309, 0.7515030586170045, -0.6074149856990527]], "fy": 600.2711295801195, "fx": 600.2711295801192}, {"id": 17, "img_name": "frame000170", "width": 1200, "height": 680, "position": [-2.6902033788062862, -1.7747218687271586, 2.695259799762303], "rotation": [[-0.9495575692239727, -0.05444198252903352, 0.3088308489574319], [0.19671638289341106, 0.663542570408162, 0.7218129411124894], [-0.24421934286782565, 0.7461550293299893, -0.6193622403527433]], "fy": 599.8215592004793, "fx": 599.8215592004792}, {"id": 18, "img_name": "frame000180", "width": 1200, "height": 680, "position": [-3.0048929278091987, -1.4630713709974223, 2.891723892773277], "rotation": [[-0.9486734153784178, -0.059482496051256904, 0.3106132379950342], [0.19811414697755833, 0.6537901932213184, 0.7302801982903449], [-0.2465147778969893, 0.7543342865806534, -0.608449051578893]], "fy": 599.7047235799098, "fx": 599.7047235799097}, {"id": 19, "img_name": "frame000190", "width": 1200, "height": 680, "position": [-3.2742141799857225, -1.2081525447839372, 3.076619158900873], "rotation": [[-0.9461086202390204, -0.0743063331189016, 0.31520952962726195], [0.20193238007633302, 0.6255770778748199, 0.7535758976468852], [-0.2531833181434437, 0.7766156633084503, -0.5768590112998594]], "fy": 599.8820238507585, "fx": 599.8820238507584}, {"id": 20, "img_name": "frame000200", "width": 1200, "height": 680, "position": [-3.511642090327848, -1.0360639535574272, 3.2869600176956437], "rotation": [[-0.9559184623213965, -0.06723815853602859, 0.28583023533170815], [0.18651480295498601, 0.6127861051865106, 0.7679227940157847], [-0.22678651122092452, 0.7873831464585905, -0.573232639511403]], "fy": 600.1234368940675, "fx": 600.1234368940676}, {"id": 21, "img_name": "frame000210", "width": 1200, "height": 680, "position": [-3.7304022294100196, -0.960375167267842, 3.5730504633519558], "rotation": [[-0.972559833398047, -0.038104909847221695, 0.22951118993700068], [0.15510732528620716, 0.6290732708105159, 0.7617142099201761], [-0.17340440623963854, 0.7764115118912742, -0.6059010448079651]], "fy": 599.9929931076758, "fx": 599.9929931076759}, {"id": 22, "img_name": "frame000220", "width": 1200, "height": 680, "position": [-3.9272116175725724, -0.9827911661915232, 3.949714541170488], "rotation": [[-0.9841781764609411, -0.008141204816596411, 0.17699445686843157], [0.1260275584335214, 0.669990385942353, 0.7315941069063517], [-0.12454064193387716, 0.7423251333000598, -0.6583639001173642]], "fy": 599.8896436226512, "fx": 599.8896436226511}, {"id": 23, "img_name": "frame000230", "width": 1200, "height": 680, "position": [-4.025695417607836, -1.062664333036603, 4.298944473337717], "rotation": [[-0.9886283910666652, 0.010889414787552718, 0.14998441593218975], [0.11190421875317047, 0.719535443889377, 0.6853803256675521], [-0.10045571264083514, 0.6943703375235017, -0.7125717396622735]], "fy": 600.0412882920746, "fx": 600.0412882920746}, {"id": 24, "img_name": "frame000240", "width": 1200, "height": 680, "position": [-3.9408676581640787, -1.154131784176681, 4.492884750428578], "rotation": [[-0.9894719238636989, 0.021731162140042126, 0.14308413076757465], [0.10892906398021251, 0.7627678330693964, 0.6374321076436394], [-0.09528783188772832, 0.646307194317579, -0.757104510399637]], "fy": 600.1499947997108, "fx": 600.1499947997108}, {"id": 25, "img_name": "frame000250", "width": 1200, "height": 680, "position": [-3.6732275452813217, -1.2349545632949614, 4.528041394487055], "rotation": [[-0.9889806225968248, 0.028447854731820533, 0.14528608911094673], [0.11064201950083502, 0.7940707547792675, 0.597670460977503], [-0.09836499198786919, 0.6071592509098758, -0.7884681175455257]], "fy": 599.9833113774682, "fx": 599.9833113774682}, {"id": 26, "img_name": "frame000260", "width": 1200, "height": 680, "position": [-3.2720530291689234, -1.313535864111828, 4.476266634150442], "rotation": [[-0.9880218253838156, 0.032240505831745266, 0.15090865564620912], [0.11408168600947335, 0.8111413506386551, 0.5736157931937842], [-0.1039145874382844, 0.5839608369298505, -0.8051034091653815]], "fy": 600.2232526975085, "fx": 600.2232526975085}, {"id": 27, "img_name": "frame000270", "width": 1200, "height": 680, "position": [-2.7845786696627974, -1.379412523830693, 4.4028967749681724], "rotation": [[-0.9873874564105622, 0.03229802985102462, 0.15499305852463838], [0.11621494037100616, 0.8126821734594605, 0.5710006765107818], [-0.107517898778032, 0.5818114146430521, -0.8061856977355819]], "fy": 599.8436616189397, "fx": 599.8436616189397}, {"id": 28, "img_name": "frame000280", "width": 1200, "height": 680, "position": [-2.258358101910016, -1.4381249102110087, 4.380133109919051], "rotation": [[-0.9869990554153649, 0.02954642778366494, 0.1579869400121483], [0.11767339514582452, 0.80238922768935, 0.5850850360101028], [-0.10947984601757584, 0.5960692374995654, -0.7954342382765871]], "fy": 599.6159522869565, "fx": 599.6159522869564}, {"id": 29, "img_name": "frame000290", "width": 1200, "height": 680, "position": [-1.7389540798272503, -1.4883118562089586, 4.453596912230773], "rotation": [[-0.9862449835810441, 0.02492020303935881, 0.16340078286747234], [0.12019327693457202, 0.7867397484141979, 0.6054701846044064], [-0.1134654508692183, 0.6167816078205006, -0.7789133711224906]], "fy": 599.8009357048358, "fx": 599.8009357048356}, {"id": 30, "img_name": "frame000300", "width": 1200, "height": 680, "position": [-1.252534650689735, -1.5252713871153212, 4.5813898665576795], "rotation": [[-0.984625807425427, 0.018881837042763527, 0.17365337768588446], [0.12499870240304055, 0.7705819231768858, 0.624963058164695], [-0.12201370312133805, 0.6370612026351176, -0.7610950534248105]], "fy": 599.7513530342306, "fx": 599.7513530342306}, {"id": 31, "img_name": "frame000310", "width": 1200, "height": 680, "position": [-0.837964281860927, -1.5301050428073593, 4.697429102269781], "rotation": [[-0.9812084988547433, 0.012311233255201547, 0.19255730396678572], [0.13465588616542923, 0.7584487240556239, 0.637670232408099], [-0.13819433453012486, 0.6516164259087796, -0.7458541140126825]], "fy": 599.6342276553505, "fx": 599.6342276553505}, {"id": 32, "img_name": "frame000320", "width": 1200, "height": 680, "position": [-0.5269363216892821, -1.500927467286807, 4.749241988219924], "rotation": [[-0.9750225018855424, 0.005471523894247369, 0.22203869762528367], [0.15018131945812352, 0.7527639151167985, 0.6409306197895732], [-0.16363585213111007, 0.6582678410224093, -0.7347834765242214]], "fy": 599.6780105577434, "fx": 599.6780105577433}, {"id": 33, "img_name": "frame000330", "width": 1200, "height": 680, "position": [-0.33854290716463686, -1.4205924700790176, 4.675869968114656], "rotation": [[-0.9650744665270344, -0.002738635958529937, 0.26196139778724403], [0.17067494877464237, 0.7520417975166642, 0.6366342722856491], [-0.1987494299824109, 0.6591097288471712, -0.725308919992492]], "fy": 599.7959852731369, "fx": 599.7959852731369}, {"id": 34, "img_name": "frame000340", "width": 1200, "height": 680, "position": [-0.305404616589346, -1.2903764312106247, 4.433774102783519], "rotation": [[-0.9495513854088624, -0.012060322848526966, 0.3133795064788056], [0.19721306028940927, 0.7539923950614449, 0.6265799845516865], [-0.2438425215572466, 0.6567724239051874, -0.713576070141305]], "fy": 600.1068017238692, "fx": 600.1068017238692}, {"id": 35, "img_name": "frame000350", "width": 1200, "height": 680, "position": [-0.37088140979232154, -1.115915537221679, 4.055141366670161], "rotation": [[-0.9282669503130268, -0.02143964518356517, 0.37129612248306004], [0.22676771202404988, 0.7586630469572921, 0.6107428149105443], [-0.29478275685652006, 0.6511303424014893, -0.6993800136293497]], "fy": 599.8041218223427, "fx": 599.8041218223427}, {"id": 36, "img_name": "frame000360", "width": 1200, "height": 680, "position": [-0.44919284554746625, -0.93114344868361, 3.6361897301422346], "rotation": [[-0.9035321299877237, -0.028318177880688383, 0.4275836419712099], [0.2550364617923727, 0.76631758138845, 0.5896725935732336], [-0.3443633157528162, 0.6418375536352434, -0.6851703886678491]], "fy": 599.863674906903, "fx": 599.863674906903}, {"id": 37, "img_name": "frame000370", "width": 1200, "height": 680, "position": [-0.45252007181626885, -0.7527548474014588, 3.2590008319531], "rotation": [[-0.8789768984918889, -0.029680449230289025, 0.4759397891026422], [0.2794425978899517, 0.7766807923963966, 0.5645164135851322], [-0.3864083932862924, 0.629194737466862, -0.6743904921793544]], "fy": 599.7364143926795, "fx": 599.7364143926795}, {"id": 38, "img_name": "frame000380", "width": 1200, "height": 680, "position": [-0.2724739971663795, -0.6070894428057384, 3.016957118548978], "rotation": [[-0.8607163197866255, -0.024386019012765593, 0.5085004807565836], [0.29535079421556776, 0.7896475127723452, 0.5377961639215012], [-0.4146508473513602, 0.6130759558563343, -0.6724600710388992]], "fy": 599.7663008471603, "fx": 599.7663008471604}, {"id": 39, "img_name": "frame000390", "width": 1200, "height": 680, "position": [0.08164055044708084, -0.5311344211467538, 2.9466810333199023], "rotation": [[-0.8506703681190271, -0.01293545464710299, 0.5255402922871969], [0.3037567509269459, 0.8038263670453585, 0.511463593923327], [-0.42905915800801286, 0.5947233353885933, -0.6798620398828885]], "fy": 600.2902093567701, "fx": 600.2902093567702}, {"id": 40, "img_name": "frame000400", "width": 1200, "height": 680, "position": [0.4778646469093848, -0.48580715629744703, 2.8770894817663892], "rotation": [[-0.8431112711327177, -0.00033031075765403863, 0.5377390402265548], [0.3098091250983412, 0.8170576173448711, 0.48624598295978017], [-0.43952439123986425, 0.5765559303602086, -0.6887681530614643]], "fy": 600.3644187376502, "fx": 600.3644187376502}, {"id": 41, "img_name": "frame000410", "width": 1200, "height": 680, "position": [0.6940516735018252, -0.4456922245771918, 2.6029308888292197], "rotation": [[-0.826975120140045, 0.0080634069568746, 0.5621806934941881], [0.32179231901536415, 0.8267192379998354, 0.4615029847614051], [-0.4610443081657907, 0.5625569153332127, -0.686270983590818]], "fy": 600.0367822910921, "fx": 600.036782291092}, {"id": 42, "img_name": "frame000420", "width": 1200, "height": 680, "position": [0.6318666833994293, -0.37582757022244656, 2.1467558027690727], "rotation": [[-0.7961204554827751, 0.01190430093446601, 0.6050210806088995], [0.34318964071090935, 0.8323535509557709, 0.4352107957301102], [-0.49841056456561555, 0.5541171842043706, -0.6667391208702277]], "fy": 600.4806289695478, "fx": 600.4806289695476}, {"id": 43, "img_name": "frame000430", "width": 1200, "height": 680, "position": [0.515961865735453, -0.1703480246460881, 1.8906081784169846], "rotation": [[-0.7640392757118416, 0.019961830725308827, 0.6448608458294071], [0.3624904781164319, 0.8401231488385422, 0.40347707253390874], [-0.5337083833374222, 0.5420282465884104, -0.6491230557110482]], "fy": 599.9914627243817, "fx": 599.9914627243817}, {"id": 44, "img_name": "frame000440", "width": 1200, "height": 680, "position": [0.4795434818939394, 0.17626846242379876, 2.0551598272321043], "rotation": [[-0.7448739052836197, 0.04024468522133924, 0.665990413248542], [0.37317913419406307, 0.8525744442360368, 0.3658608353428693], [-0.5530824522887142, 0.5210539150098079, -0.6500789326099207]], "fy": 600.3647588460238, "fx": 600.364758846024}, {"id": 45, "img_name": "frame000450", "width": 1200, "height": 680, "position": [0.4465795342911815, 0.3594075240185802, 1.9986206070963717], "rotation": [[-0.7233002400757763, 0.039749076403345594, 0.6893886956074964], [0.38446211290977467, 0.8524763437697221, 0.35422163549105545], [-0.5736075718148045, 0.521252428520086, -0.6318783580078023]], "fy": 599.8870068021897, "fx": 599.8870068021897}, {"id": 46, "img_name": "frame000460", "width": 1200, "height": 680, "position": [0.370061894379933, 0.33292207728073414, 1.6286407281700999], "rotation": [[-0.6926421896465387, 0.008296603930394053, 0.7212336400119387], [0.39926433882587875, 0.8371719511414597, 0.37380624923071465], [-0.6006952512410785, 0.5468768513890705, -0.5831731514320547]], "fy": 599.9814735108841, "fx": 599.9814735108841}, {"id": 47, "img_name": "frame000470", "width": 1200, "height": 680, "position": [0.20005911965532455, 0.1838074309163644, 1.135708548684969], "rotation": [[-0.6505300072664814, -0.05008028431625922, 0.7578276022742072], [0.4173385843287559, 0.8101002398099756, 0.4117840544390832], [-0.6345385848601653, 0.5841485826248513, -0.5060940799308326]], "fy": 600.4585363243154, "fx": 600.4585363243153}, {"id": 48, "img_name": "frame000480", "width": 1200, "height": 680, "position": [-0.09697918987396467, 0.018924103286091478, 0.7261603065550702], "rotation": [[-0.5983060598635137, -0.12013763787756726, 0.7922100773758156], [0.4366301430404522, 0.7801236633318962, 0.44806382145638196], [-0.6718511568190317, 0.6139820989856469, -0.41429700120337276]], "fy": 600.4713842832624, "fx": 600.4713842832623}, {"id": 49, "img_name": "frame000490", "width": 1200, "height": 680, "position": [-0.5015294810409076, -0.09125167447317582, 0.48209305052621215], "rotation": [[-0.5386496610089097, -0.1832475250981137, 0.8223605579308894], [0.4558717510447672, 0.7574529604970036, 0.4673820270760337], [-0.7085460389377426, 0.6266461179802686, -0.3244644102608093]], "fy": 600.4470501133014, "fx": 600.4470501133015}, {"id": 50, "img_name": "frame000500", "width": 1200, "height": 680, "position": [-0.9068004094173392, -0.10098110261746052, 0.3586796163637493], "rotation": [[-0.4722866479194142, -0.22981791619786612, 0.8509577237392659], [0.47357576705030463, 0.7480783502359117, 0.46487070758548765], [-0.7434186674141013, 0.6225451849486806, -0.24447122046869715]], "fy": 599.8440133446469, "fx": 599.8440133446469}, {"id": 51, "img_name": "frame000510", "width": 1200, "height": 680, "position": [-1.237624931078799, 0.007835570515697493, 0.29140725943312634], "rotation": [[-0.395937452240731, -0.2546573112778614, 0.8822602720999342], [0.4898719463959041, 0.7540691110147072, 0.4374988593674019], [-0.7766975022796249, 0.6054167404575295, -0.17381472988896263]], "fy": 600.1611630353683, "fx": 600.1611630353683}, {"id": 52, "img_name": "frame000520", "width": 1200, "height": 680, "position": [-1.3747370870778166, 0.2778738354375181, 0.2015278309772502], "rotation": [[-0.2999108058003629, -0.2512784759296715, 0.9202785644024517], [0.5044759090986641, 0.7769867922590258, 0.37655754114624485], [-0.809665094778855, 0.5771920409963144, -0.10626279738109569]], "fy": 599.8576519539185, "fx": 599.8576519539185}, {"id": 53, "img_name": "frame000530", "width": 1200, "height": 680, "position": [-1.306703853053536, 0.6680559286149605, 0.06224640794187233], "rotation": [[-0.1737300818196384, -0.20594985997991766, 0.9630174005931529], [0.5154866170632251, 0.814199732792136, 0.2671185930442248], [-0.8391015470726133, 0.5428291170299052, -0.035286589589812734]], "fy": 599.4051515329777, "fx": 599.4051515329778}, {"id": 54, "img_name": "frame000540", "width": 1200, "height": 680, "position": [-1.155800948594808, 0.9912438325453731, -0.16123179543909902], "rotation": [[-0.01643006710872924, -0.11606202545041837, 0.9931060664114125], [0.51703886360791, 0.8491476445298232, 0.10779188888081509], [-0.8558042220121627, 0.5152454599875669, 0.0460570249620723]], "fy": 600.0922474397921, "fx": 600.0922474397921}, {"id": 55, "img_name": "frame000550", "width": 1200, "height": 680, "position": [-1.0051391542116743, 1.068252701420956, -0.46695982314773987], "rotation": [[0.14100488685272525, -0.029315867996003223, 0.9895747580487745], [0.5058043688477801, 0.8613911334323744, -0.046553793600395715], [-0.8510461575837991, 0.5070955483217441, 0.136288453414516]], "fy": 599.089599157545, "fx": 599.089599157545}, {"id": 56, "img_name": "frame000560", "width": 1200, "height": 680, "position": [-0.9646229717716925, 0.85328734678443, -0.8380918241374182], "rotation": [[0.2576100218244177, -0.00743965321904202, 0.9662203310920358], [0.4891087700994396, 0.8633984990288092, -0.12375638523572426], [-0.8333124790061868, 0.5044677228869849, 0.22605890581391314]], "fy": 598.8687674132689, "fx": 598.8687674132689}, {"id": 57, "img_name": "frame000570", "width": 1200, "height": 680, "position": [-1.0601517522439794, 0.5547036703340609, -1.1839087340245378], "rotation": [[0.3155033115567593, -0.04989193457929983, 0.9476119750513144], [0.47796307002993915, 0.8710453875667613, -0.1132750479418398], [-0.819761528790095, 0.4886621815350616, 0.29866420651480907]], "fy": 599.394660373245, "fx": 599.394660373245}, {"id": 58, "img_name": "frame000580", "width": 1200, "height": 680, "position": [-1.3069926282156497, 0.38084782085334423, -1.3993669376158655], "rotation": [[0.32173276775534704, -0.1276018787517628, 0.9381928302281488], [0.4766240790709246, 0.8780037908189315, -0.044032153676361575], [-0.8181182759248671, 0.46133188037096046, 0.34330071766764036]], "fy": 599.2874915844178, "fx": 599.2874915844178}, {"id": 59, "img_name": "frame000590", "width": 1200, "height": 680, "position": [-1.6739250664010874, 0.50927743577561, -1.407959400731102], "rotation": [[0.3282733304302542, -0.1682650347213381, 0.9294748509876185], [0.4751475622230798, 0.8798647877477317, -0.008529325594886391], [-0.8163770052137024, 0.44443765971378474, 0.3687868652574823]], "fy": 597.511033402841, "fx": 597.511033402841}, {"id": 60, "img_name": "frame000600", "width": 1200, "height": 680, "position": [-1.9978733529022252, 0.8189422381819836, -1.3986403678430495], "rotation": [[0.3784715386986269, -0.16515520019704089, 0.9107596028826537], [0.4635260230019991, 0.8855036436224751, -0.03204564137711664], [-0.8011884424996681, 0.4342891398356582, 0.4116916596504721]], "fy": 597.5131202790902, "fx": 597.5131202790902}, {"id": 61, "img_name": "frame000610", "width": 1200, "height": 680, "position": [-2.017991088412821, 1.0719076764604232, -1.6149667169842015], "rotation": [[0.4709049618262871, -0.15258196752306855, 0.8688885199576365], [0.43739720671275706, 0.8957244492048617, -0.07975835164122051], [-0.7661150047396675, 0.41760801510918844, 0.4885400139490144]], "fy": 599.7359809456332, "fx": 599.7359809456333}, {"id": 62, "img_name": "frame000620", "width": 1200, "height": 680, "position": [-1.931984350786616, 0.9839857480994599, -1.8937715017114838], "rotation": [[0.5547634500533412, -0.1463576635405514, 0.8190341560691257], [0.4079269476337178, 0.9058140706727804, -0.11443983032775382], [-0.725143516746273, 0.39759313838918015, 0.5622157739041924]], "fy": 598.5122598634118, "fx": 598.5122598634119}, {"id": 63, "img_name": "frame000630", "width": 1200, "height": 680, "position": [-2.230178523871517, 0.6794702947165258, -1.9552620712133266], "rotation": [[0.5871013065926877, -0.13151357018798274, 0.7987591856458177], [0.395394288159463, 0.9075953049178812, -0.14118824094764323], [-0.7063819170165886, 0.39871662035514494, 0.5848501038424637]], "fy": 598.9809553842572, "fx": 598.9809553842573}, {"id": 64, "img_name": "frame000640", "width": 1200, "height": 680, "position": [-2.5842007883212745, 0.7295249943954921, -1.861829839298186], "rotation": [[0.6005930947356617, -0.07747893985737266, 0.7957920258675744], [0.3898024865583055, 0.897373846622455, -0.20681924685816927], [-0.6980988153755903, 0.4344159219878985, 0.5691580190901306]], "fy": 599.3535136253453, "fx": 599.3535136253454}, {"id": 65, "img_name": "frame000650", "width": 1200, "height": 680, "position": [-2.8189784655968, 1.068049251818413, -1.7036818479204163], "rotation": [[0.6104029912863128, -0.00311822920215197, 0.7920848848926257], [0.3856479343383658, 0.8746358058415914, -0.29374798361926074], [-0.6918698280524112, 0.48477054756500304, 0.5350828508224256]], "fy": 598.9860220017698, "fx": 598.9860220017698}, {"id": 66, "img_name": "frame000660", "width": 1200, "height": 680, "position": [-2.8554041280838685, 1.4519988658362444, -1.5382623716383936], "rotation": [[0.6251830738056638, 0.06525205551202017, 0.7777456483184961], [0.37879307486971503, 0.8458996643150782, -0.37545913804618536], [-0.6823942633534137, 0.5293353636052425, 0.5041251255187125]], "fy": 599.0571609939806, "fx": 599.0571609939803}, {"id": 67, "img_name": "frame000670", "width": 1200, "height": 680, "position": [-2.6729557037073373, 1.7374981649292855, -1.413753753498141], "rotation": [[0.6527633914374401, 0.11098518347271885, 0.749387912798584], [0.36589197862527956, 0.8199911888321318, -0.44015623387082087], [-0.663342305884955, 0.5615129021555905, 0.49465164099195813]], "fy": 599.353190784272, "fx": 599.353190784272}, {"id": 68, "img_name": "frame000680", "width": 1200, "height": 680, "position": [-2.3216882090879545, 1.927850890526105, -1.3449515535536543], "rotation": [[0.6964024581394443, 0.1338591944846052, 0.7050569709954453], [0.343313895131283, 0.8005986714287353, -0.4910980927638901], [-0.6302056693708223, 0.5840577739902763, 0.5115831613084987]], "fy": 598.8161278061955, "fx": 598.8161278061955}, {"id": 69, "img_name": "frame000690", "width": 1200, "height": 680, "position": [-1.8813187951257142, 2.04523501005859, -1.3726199795605627], "rotation": [[0.7541618926939279, 0.1357108894228953, 0.6425125633793934], [0.3098737969956484, 0.7890901124559951, -0.5303913879011277], [-0.5789801978857411, 0.5990987805998537, 0.5530484441167488]], "fy": 599.6587524770879, "fx": 599.6587524770879}, {"id": 70, "img_name": "frame000700", "width": 1200, "height": 680, "position": [-1.4093409631044094, 2.0755200388893407, -1.4980324971570265], "rotation": [[0.8200879784586592, 0.1195395763371314, 0.5596123634058925], [0.26365640265484735, 0.7890175771522376, -0.5549203224643314], [-0.5078789313672053, 0.6026288680721756, 0.6155464551431952]], "fy": 599.565083094045, "fx": 599.5650830940449}, {"id": 71, "img_name": "frame000710", "width": 1200, "height": 680, "position": [-0.96627761198838, 2.042957231031209, -1.745542187339593], "rotation": [[0.8851929849712535, 0.09156471354134373, 0.45612419645505964], [0.20556693825675465, 0.8025507693156292, -0.5600486555350662], [-0.41734351948176435, 0.5895151956523117, 0.6915896332664271]], "fy": 599.1048567702601, "fx": 599.10485677026}, {"id": 72, "img_name": "frame000720", "width": 1200, "height": 680, "position": [-0.632228462347328, 1.9746335433121442, -2.094150985694599], "rotation": [[0.9366894120987589, 0.0639066188849566, 0.34428024823503023], [0.1435471159109425, 0.8267098902679932, -0.5440082562303014], [-0.319385614540999, 0.5589872104044739, 0.7651967902628009]], "fy": 599.1440822534107, "fx": 599.1440822534107}, {"id": 73, "img_name": "frame000730", "width": 1200, "height": 680, "position": [-0.4591828562113194, 1.9167558740262371, -2.4379609855238233], "rotation": [[0.9680490959192334, 0.04731954295403174, 0.24625557606798776], [0.090358738072207, 0.8502378593072232, -0.5185854616692109], [-0.2339150408673056, 0.5242675304224858, 0.8187962568311818]], "fy": 598.9361559694946, "fx": 598.9361559694946}, {"id": 74, "img_name": "frame000740", "width": 1200, "height": 680, "position": [-0.5266211061692908, 1.9224805639091176, -2.6861700386130494], "rotation": [[0.9827902379749028, 0.04087203041225535, 0.18014667710289217], [0.055043126153163126, 0.8661206843551107, -0.49679494199873014], [-0.17633378123468285, 0.49816105554550766, 0.8489652291662271]], "fy": 598.8754261100461, "fx": 598.8754261100462}, {"id": 75, "img_name": "frame000750", "width": 1200, "height": 680, "position": [-0.8374421551613397, 2.0266506700678297, -2.794088546639793], "rotation": [[0.98848763442329, 0.03922279376462798, 0.14612928878751802], [0.0369361149013341, 0.8740361986690435, -0.4844547933834112], [-0.14672395853521614, 0.48427502089769786, 0.862525236805446]], "fy": 599.0363414730921, "fx": 599.0363414730921}, {"id": 76, "img_name": "frame000760", "width": 1200, "height": 680, "position": [-1.216565427856799, 2.2250681427025074, -2.861222159521373], "rotation": [[0.9917596375146419, 0.039012912977776926, 0.12202792310702541], [0.02428649810013386, 0.8779810854157102, -0.47807884251688415], [-0.1257894566601585, 0.4771029304806667, 0.8697987159796812]], "fy": 599.5121470383995, "fx": 599.5121470383995}, {"id": 77, "img_name": "frame000770", "width": 1200, "height": 680, "position": [-1.4754222596339257, 2.477705041619613, -2.9922233082622673], "rotation": [[0.9955784357958779, 0.040255194833652724, 0.08487106377993431], [0.004603774455202671, 0.8815225577573632, -0.472119460969024], [-0.09382101810894315, 0.47042268169574997, 0.8774395233331929]], "fy": 599.206343146762, "fx": 599.206343146762}, {"id": 78, "img_name": "frame000780", "width": 1200, "height": 680, "position": [-1.4845163810483692, 2.7691463646148184, -3.264689427245729], "rotation": [[0.9988912201408072, 0.04354936857968649, 0.01788247247781467], [-0.030332872216995974, 0.8858531313459093, -0.46297315964072333], [-0.03600343301237506, 0.4619173975733734, 0.8861918926679287]], "fy": 599.2592458194177, "fx": 599.2592458194177}, {"id": 79, "img_name": "frame000790", "width": 1200, "height": 680, "position": [-1.2904508591669381, 3.04727513956831, -3.5693384975921965], "rotation": [[0.9957600109033731, 0.05014671497536659, -0.07711878929867536], [-0.07961651665969952, 0.8897520339222997, -0.44944691389095837], [0.046078313344673646, 0.453681193249522, 0.8899720017680331]], "fy": 599.5211639823445, "fx": 599.5211639823444}, {"id": 80, "img_name": "frame000800", "width": 1200, "height": 680, "position": [-0.977984883788159, 3.2657795130664176, -3.760728956795421], "rotation": [[0.9798095878937536, 0.059076021943687614, -0.1910057462559211], [-0.13824940206975073, 0.8903334064149315, -0.4338127801816592], [0.14443086338739647, 0.45146035158460274, 0.8805244327378304]], "fy": 599.7766565386578, "fx": 599.7766565386578}, {"id": 81, "img_name": "frame000810", "width": 1200, "height": 680, "position": [-0.6155813275124903, 3.3732617837360803, -3.7286534164245455], "rotation": [[0.9486978100569899, 0.0651984685575138, -0.3093891156631507], [-0.1980150184972167, 0.8853691397003329, -0.4206085340501774], [0.24650054288503812, 0.4602940866055604, 0.8528580398831532]], "fy": 600.0480974975451, "fx": 600.0480974975451}, {"id": 82, "img_name": "frame000820", "width": 1200, "height": 680, "position": [-0.25893289639559647, 3.355007852455151, -3.481440323548365], "rotation": [[0.9095218425779578, 0.06252267314810307, -0.4109269195562781], [-0.24828325007396743, 0.8745920562106431, -0.4164662806830189], [0.3333548343826802, 0.48081145010872495, 0.8109839109612722]], "fy": 600.0846780296289, "fx": 600.0846780296287}, {"id": 83, "img_name": "frame000830", "width": 1200, "height": 680, "position": [0.0457986145945664, 3.218310541946716, -3.1739853864540577], "rotation": [[0.8831213313763041, 0.0505447033681909, -0.46641392242252594], [-0.2751322127216505, 0.8610658762624491, -0.42763047396001735], [0.3799986573542503, 0.5059750880209443, 0.7743321191266476]], "fy": 599.7891228120981, "fx": 599.7891228120981}, {"id": 84, "img_name": "frame000840", "width": 1200, "height": 680, "position": [0.26671343695374544, 2.9839948785277, -2.962693707147199], "rotation": [[0.8799948292761695, 0.038092512914169534, -0.473453335511631], [-0.2779178816065793, 0.8496345030426566, -0.4481995786731278], [0.38518924119258124, 0.5259944597610717, 0.7582605599463431]], "fy": 599.5827715431554, "fx": 599.5827715431556}, {"id": 85, "img_name": "frame000850", "width": 1200, "height": 680, "position": [0.37387548137076126, 2.6698363612696054, -3.00755873601246], "rotation": [[0.8881377106576047, 0.03579188375523903, -0.45818156659245934], [-0.2702679054733926, 0.8470231792940204, -0.4577193386887595], [0.37170776986618687, 0.5303495779162093, 0.7619466247875925]], "fy": 600.1304246549162, "fx": 600.1304246549163}, {"id": 86, "img_name": "frame000860", "width": 1200, "height": 680, "position": [0.4037647325245837, 2.321251891393968, -3.257104924838263], "rotation": [[0.8893243784625042, 0.04167291976887483, -0.4553740414540749], [-0.2692464773979504, 0.8526329564427597, -0.44779836533474954], [0.3696058499010474, 0.5208458594878294, 0.7694875608957616]], "fy": 599.9237398612592, "fx": 599.9237398612592}, {"id": 87, "img_name": "frame000870", "width": 1200, "height": 680, "position": [0.4745146504706106, 2.0433926741514097, -3.550901264759358], "rotation": [[0.8663908633814477, 0.05047873114415822, -0.49680858441780723], [-0.29013382280131284, 0.8606158987902168, -0.418524359644936], [0.40643478777762876, 0.5067466550965909, 0.7602753388296708]], "fy": 599.7790092325255, "fx": 599.7790092325255}, {"id": 88, "img_name": "frame000880", "width": 1200, "height": 680, "position": [0.6906387628427544, 1.9209432872859011, -3.709590737198081], "rotation": [[0.8166767350707469, 0.05872015837543468, -0.5741002119791884], [-0.3285295309522841, 0.8651819378043557, -0.3788516355902034], [0.4744549058513963, 0.4980081901911492, 0.7258652662967685]], "fy": 599.3345333076154, "fx": 599.3345333076155}, {"id": 89, "img_name": "frame000890", "width": 1200, "height": 680, "position": [1.055591500790017, 1.9952550360234578, -3.686170259988738], "rotation": [[0.7610492177602088, 0.06220280770073686, -0.6457049627041127], [-0.3633907603734481, 0.8654288527839147, -0.34493485768232307], [0.5373557884882061, 0.49715562099131744, 0.6812378770260471]], "fy": 599.5565572435223, "fx": 599.5565572435223}, {"id": 90, "img_name": "frame000900", "width": 1200, "height": 680, "position": [1.4369335242934618, 2.2346381125100514, -3.5738464708615534], "rotation": [[0.7390746837774533, 0.06312210040950686, -0.670659535262975], [-0.3755797136606615, 0.8651031286793207, -0.3324702324055884], [0.559203442841541, 0.49760644809843724, 0.6630832016610166]], "fy": 600.5737371793638, "fx": 600.5737371793638}, {"id": 91, "img_name": "frame000910", "width": 1200, "height": 680, "position": [1.6848384872675353, 2.582570858885898, -3.4248389023452948], "rotation": [[0.7596523523834733, 0.06505754652548593, -0.6470670901524351], [-0.36421078972455123, 0.8668690537689259, -0.34042406534495395], [0.5387752816958794, 0.49427275795642533, 0.682213776301589]], "fy": 600.2678907540692, "fx": 600.2678907540692}, {"id": 92, "img_name": "frame000920", "width": 1200, "height": 680, "position": [1.8167071476538312, 2.9240362283525765, -3.2601672315322388], "rotation": [[0.7945485196943807, 0.07246676054344896, -0.6028608616155198], [-0.34318539108609125, 0.8726576478757668, -0.347408141742563], [0.5009155988752547, 0.4829256653153492, 0.7182383758775163]], "fy": 599.9143824341006, "fx": 599.9143824341005}, {"id": 93, "img_name": "frame000930", "width": 1200, "height": 680, "position": [1.8912898958529107, 3.1296518964246243, -3.0480840482296996], "rotation": [[0.8166717822333579, 0.08856470143568153, -0.5702661604579033], [-0.328483315418529, 0.8838006245681751, -0.33315937252995736], [0.47449542842417536, 0.4594047775899944, 0.7508670579616913]], "fy": 600.0805219926601, "fx": 600.0805219926601}, {"id": 94, "img_name": "frame000940", "width": 1200, "height": 680, "position": [1.9484268172523802, 3.085081488412844, -2.7624956982842312], "rotation": [[0.8115676464862726, 0.11774931520553937, -0.5722700882846831], [-0.33202885254948405, 0.8988939468726209, -0.2859134717889919], [0.48074400282416985, 0.4220483041600668, 0.7686094149203522]], "fy": 600.0629671332541, "fx": 600.062967133254}, {"id": 95, "img_name": "frame000950", "width": 1200, "height": 680, "position": [1.9839897220475546, 2.8319217484884196, -2.4448740216017826], "rotation": [[0.8170554847361147, 0.1401630978763259, -0.5592625866767275], [-0.32821411863782446, 0.9105627699433033, -0.25129849645386804], [0.47402091429538074, 0.3888826918067839, 0.7899838130137106]], "fy": 599.8767877090572, "fx": 599.8767877090572}, {"id": 96, "img_name": "frame000960", "width": 1200, "height": 680, "position": [1.9809286868850637, 2.4484053111007946, -2.1497905858910693], "rotation": [[0.8288649903921663, 0.15502625848031332, -0.537540404884869], [-0.3200385096354911, 0.9194841010295755, -0.228307556388585], [0.4588661897029324, 0.3612697705806955, 0.8117425532840348]], "fy": 599.9187364677761, "fx": 599.918736467776}, {"id": 97, "img_name": "frame000970", "width": 1200, "height": 680, "position": [1.9231263107403294, 2.011190155881103, -1.9291474220916285], "rotation": [[0.8322910797743207, 0.1702634275937765, -0.5275432908796338], [-0.31763618813480005, 0.926418974861701, -0.202126532160894], [0.4543113585585211, 0.33579494969432433, 0.8251320750307172]], "fy": 599.9517477623909, "fx": 599.9517477623909}, {"id": 98, "img_name": "frame000980", "width": 1200, "height": 680, "position": [1.8017424947625686, 1.5944161023125947, -1.8370028315117706], "rotation": [[0.8292811524759336, 0.1863310138815948, -0.5268524683571714], [-0.319665908987367, 0.9314668492515662, -0.173733172930907], [0.45837373046398255, 0.3124904190710764, 0.8320115751654634]], "fy": 600.18139348613, "fx": 600.1813934861301}, {"id": 99, "img_name": "frame000990", "width": 1200, "height": 680, "position": [1.5838469411149916, 1.2670684028320405, -1.9090892478307933], "rotation": [[0.8313565846900103, 0.19786143442305332, -0.5193236773541269], [-0.31809429384152055, 0.9356762341424684, -0.1527285339628224], [0.4556997359205137, 0.29216577080318695, 0.8408191916535644]], "fy": 599.5091688146287, "fx": 599.5091688146287}, {"id": 100, "img_name": "frame001000", "width": 1200, "height": 680, "position": [1.337219613080310